+,0,1,0
+,1,2,1
+,2,3,2
+,3,4,3
+,4,5,4
+,5,6,5
+,6,7,6
+,7,8,7
+,8,9,8
+,9,10,9
+,10,11,10
+,11,12,11
+,12,13,12
+,13,14,13
+,14,15,14
+,15,16,15
+,16,17,16
+,17,18,17
+,18,19,18
+,19,20,19
+,20,21,20
+,21,22,21
+,22,23,22
+,23,24,23
+,24,25,24
+,25,26,25
+,26,27,26
+,27,28,27
+,28,29,28
+,29,30,29
+,30,31,30
+,31,32,31
+,32,33,32
+,33,34,33
+,34,35,34
+,35,36,35
+,36,37,36
+,37,38,37
+,38,39,38
+,39,40,39
+,40,41,40
+,41,42,41
+,42,43,42
+,43,44,43
+,44,45,44
+,45,46,45
+,46,47,46
+,47,48,47
+,48,49,48
+,49,50,49
+,50,51,50
+,51,52,51
+,52,53,52
+,53,54,53
+,54,55,54
+,55,56,55
+,56,57,56
+,57,58,57
+,58,59,58
+,59,60,59
+,60,61,60
+,61,62,61
+,62,63,62
+,63,64,63
+,64,65,64
+,65,66,65
+,66,67,66
+,67,68,67
+,68,69,68
+,69,70,69
+,70,71,70
+,71,72,71
+,72,73,72
+,73,74,73
+,74,75,74
+,75,76,75
+,76,77,76
+,77,78,77
+,78,79,78
+,79,80,79
+,80,81,80
+,81,82,81
+,82,83,82
+,83,84,83
+,84,85,84
+,85,86,85
+,86,87,86
+,87,88,87
+,88,89,88
+,89,90,89
+,90,91,90
+,91,92,91
+,92,93,92
+,93,94,93
+,94,95,94
+,95,96,95
+,96,97,96
+,97,98,97
+,98,99,98
+,99,0,99
+,0,95,100
+,1,58,101
+,2,72,102
+,3,67,103
+,4,36,104
+,5,80,105
+,6,79,106
+,7,48,107
+,8,15,108
+,9,47,109
+,10,22,110
+,11,44,111
+,12,17,112
+,13,76,113
+,14,65,114
+,16,23,115
+,18,99,116
+,19,89,117
+,20,49,118
+,21,34,119
+,24,81,120
+,25,73,121
+,26,87,122
+,27,38,123
+,28,98,124
+,29,64,125
+,30,68,126
+,31,70,127
+,32,69,128
+,33,53,129
+,35,50,130
+,37,56,131
+,39,42,132
+,40,57,133
+,41,74,134
+,43,71,135
+,45,91,136
+,46,97,137
+,51,82,138
+,52,84,139
+,54,93,140
+,55,62,141
+,59,60,142
+,61,63,143
+,66,86,144
+,75,96,145
+,77,85,146
+,78,92,147
+,83,94,148
+,88,88,149
+,90,90,150
-,73,25,151
-,15,8,152
+,73,15,153
+,25,8,154
-,68,30,155
-,47,9,156
+,68,47,157
+,30,9,158
-,89,19,159
-,57,40,160
+,89,57,161
+,19,40,162
-,97,46,163
-,50,35,164
+,97,50,165
+,46,35,166
-,38,27,167
-,49,20,168
+,38,49,169
+,27,20,170
-,84,52,171
-,19,40,172
+,84,19,173
+,52,40,174
-,90,90,175
-,99,18,176
+,90,99,177
+,90,18,178
-,74,41,179
-,30,9,180
+,74,30,181
+,41,9,182
-,73,15,183
-,41,9,184
+,73,41,185
+,15,9,186
-,46,35,187
-,62,55,188
+,46,62,189
+,35,55,190
-,92,78,191
-,38,49,192
+,92,38,193
+,78,49,194
-,15,9,195
-,56,37,196
+,15,56,197
+,9,37,198
-,60,59,199
-,88,88,200
+,60,88,201
+,59,88,202
-,25,8,203
-,90,18,204
+,25,90,205
+,8,18,206
-,58,1,207
-,84,19,208
+,58,84,209
+,1,19,210
-,48,7,211
-,69,32,212
+,48,69,213
+,7,32,214
-,80,5,215
-,71,43,216
+,80,71,217
+,5,43,218
-,80,71,219
-,65,14,220
+,80,65,221
+,71,14,222
-,81,24,223
-,91,45,224
+,81,91,225
+,24,45,226
-,67,3,227
-,5,43,228
+,67,5,229
+,3,43,230
-,90,99,231
-,96,75,232
+,90,96,233
+,99,75,234
-,97,50,235
-,68,47,236
+,97,68,237
+,50,47,238
-,24,45,239
-,3,43,240
+,24,3,241
+,45,43,242
-,64,29,243
-,73,41,244
+,64,73,245
+,29,41,246
-,23,16,247
-,45,43,248
+,23,45,249
+,16,43,250
-,80,65,251
-,35,55,252
+,80,35,253
+,65,55,254
-,23,45,255
-,24,3,256
+,23,24,257
+,45,3,258
-,25,90,259
-,58,84,260
+,25,58,261
+,90,84,262
-,97,68,263
-,71,14,264
+,97,71,265
+,68,14,266
-,87,26,267
-,98,28,268
+,87,98,269
+,26,28,270
-,52,40,271
-,27,20,272
+,52,27,273
+,40,20,274
-,79,6,275
-,67,5,276
+,79,67,277
+,6,5,278
-,64,73,279
-,52,27,280
+,64,52,281
+,73,27,282
-,95,0,283
-,73,27,284
+,95,73,285
+,0,27,286
-,79,67,287
-,60,88,288
+,79,60,289
+,67,88,290
-,63,61,291
-,1,19,292
+,63,1,293
+,61,19,294
-,42,39,295
-,9,37,296
+,42,9,297
+,39,37,298
-,25,58,299
-,74,30,300
+,25,74,301
+,58,30,302
-,42,9,303
-,53,33,304
+,42,53,305
+,9,33,306
-,99,75,307
-,93,54,308
+,99,93,309
+,75,54,310
-,42,53,311
-,48,69,312
+,42,48,313
+,53,69,314
-,46,62,315
-,89,57,316
+,46,89,317
+,62,57,318
-,64,52,319
-,92,38,320
+,64,92,321
+,52,38,322
-,17,12,323
-,65,55,324
+,17,65,325
+,12,55,326
-,44,11,327
-,97,71,328
+,44,97,329
+,11,71,330
-,23,24,331
-,58,30,332
+,23,58,333
+,24,30,334
-,42,48,335
-,72,2,336
+,42,72,337
+,48,2,338
-,85,77,339
-,16,43,340
+,85,16,341
+,77,43,342
-,6,5,343
-,22,10,344
+,6,22,345
+,5,10,346
-,87,98,347
-,53,69,348
+,87,53,349
+,98,69,350
-,81,91,351
-,85,16,352
+,81,85,353
+,91,16,354
-,95,73,355
-,11,71,356
+,95,11,357
+,73,71,358
-,91,16,359
-,64,92,360
+,91,64,361
+,16,92,362
-,70,31,363
-,99,93,364
+,70,99,365
+,31,93,366
-,91,64,367
-,8,18,368
+,91,8,369
+,64,18,370
-,31,93,371
-,42,72,372
+,31,42,373
+,93,72,374
-,15,56,375
-,78,49,376
+,15,78,377
+,56,49,378
-,64,18,379
-,68,14,380
+,64,68,381
+,18,14,382
-,63,1,383
-,31,42,384
+,63,31,385
+,1,42,386
-,45,3,387
-,36,4,388
+,45,36,389
+,3,4,390
-,77,43,391
-,0,27,392
+,77,0,393
+,43,27,394
-,46,89,395
-,75,54,396
+,46,75,397
+,89,54,398
-,56,49,399
-,43,27,400
+,56,43,401
+,49,27,402
-,1,42,403
-,23,58,404
+,1,23,405
+,42,58,406
-,56,43,407
-,90,84,408
+,56,90,409
+,43,84,410
-,76,13,411
-,62,57,412
+,76,62,413
+,13,57,414
-,86,66,415
-,15,78,416
+,86,15,417
+,66,78,418
-,34,21,419
-,80,35,420
+,34,80,421
+,21,35,422
-,50,47,423
-,49,27,424
+,50,49,425
+,47,27,426
-,95,11,427
-,91,8,428
+,95,91,429
+,11,8,430
-,39,37,431
-,6,22,432
+,39,6,433
+,37,22,434
-,93,72,435
-,52,38,436
+,93,52,437
+,72,38,438
-,82,51,439
-,13,57,440
+,82,13,441
+,51,57,442
-,82,13,443
-,61,19,444
+,82,61,445
+,13,19,446
-,44,97,447
-,16,92,448
+,44,16,449
+,97,92,450
-,70,99,451
-,47,27,452
+,70,47,453
+,99,27,454
-,42,58,455
-,79,60,456
+,42,79,457
+,58,60,458
-,82,61,459
-,66,78,460
+,82,66,461
+,61,78,462
-,11,8,463
-,44,16,464
+,11,44,465
+,8,16,466
-,7,32,467
-,56,90,468
+,7,56,469
+,32,90,470
-,76,62,471
-,9,33,472
+,76,9,473
+,62,33,474
-,58,60,475
-,95,91,476
+,58,95,477
+,60,91,478
-,58,95,479
-,37,22,480
+,58,37,481
+,95,22,482
-,89,54,483
-,67,88,484
+,89,67,485
+,54,88,486
-,98,69,487
-,63,31,488
+,98,63,489
+,69,31,490
-,48,2,491
-,54,88,492
+,48,54,493
+,2,88,494
-,39,6,495
-,25,74,496
+,39,25,497
+,6,74,498
-,99,27,499
-,8,16,500
+,99,8,501
+,27,16,502
-,40,20,503
-,43,84,504
+,40,43,505
+,20,84,506
-,81,85,507
-,50,49,508
+,81,50,509
+,85,49,510
-,20,84,511
-,89,67,512
+,20,89,513
+,84,67,514
-,18,14,515
-,1,23,516
+,18,1,517
+,14,23,518
-,26,28,519
-,62,33,520
+,26,62,521
+,28,33,522
-,42,79,523
-,95,22,524
+,42,95,525
+,79,22,526
-,97,92,527
-,99,8,528
+,97,99,529
+,92,8,530
-,2,88,531
-,60,91,532
+,2,60,533
+,88,91,534
-,32,90,535
-,72,38,536
+,32,72,537
+,90,38,538
-,64,68,539
-,88,91,540
+,64,88,541
+,68,91,542
-,59,88,543
-,61,78,544
+,59,61,545
+,88,78,546
-,59,61,547
-,6,74,548
+,59,6,549
+,61,74,550
