+,0,1,0
+,1,2,1
+,2,3,2
+,3,4,3
+,4,5,4
+,5,6,5
+,6,7,6
+,7,8,7
+,8,9,8
+,9,10,9
+,10,11,10
+,11,12,11
+,12,13,12
+,13,14,13
+,14,15,14
+,15,16,15
+,16,17,16
+,17,18,17
+,18,19,18
+,19,20,19
+,20,21,20
+,21,22,21
+,22,23,22
+,23,24,23
+,24,25,24
+,25,26,25
+,26,27,26
+,27,28,27
+,28,29,28
+,29,30,29
+,30,31,30
+,31,32,31
+,32,33,32
+,33,34,33
+,34,35,34
+,35,36,35
+,36,37,36
+,37,38,37
+,38,39,38
+,39,40,39
+,40,41,40
+,41,42,41
+,42,43,42
+,43,44,43
+,44,45,44
+,45,46,45
+,46,47,46
+,47,48,47
+,48,49,48
+,49,50,49
+,50,51,50
+,51,52,51
+,52,53,52
+,53,54,53
+,54,55,54
+,55,56,55
+,56,57,56
+,57,58,57
+,58,59,58
+,59,60,59
+,60,61,60
+,61,62,61
+,62,63,62
+,63,64,63
+,64,65,64
+,65,66,65
+,66,67,66
+,67,68,67
+,68,69,68
+,69,70,69
+,70,71,70
+,71,72,71
+,72,73,72
+,73,74,73
+,74,75,74
+,75,76,75
+,76,77,76
+,77,78,77
+,78,79,78
+,79,80,79
+,80,81,80
+,81,82,81
+,82,83,82
+,83,84,83
+,84,85,84
+,85,86,85
+,86,87,86
+,87,88,87
+,88,89,88
+,89,90,89
+,90,91,90
+,91,92,91
+,92,93,92
+,93,94,93
+,94,95,94
+,95,96,95
+,96,97,96
+,97,98,97
+,98,99,98
+,99,100,99
+,100,101,100
+,101,102,101
+,102,103,102
+,103,104,103
+,104,105,104
+,105,106,105
+,106,107,106
+,107,108,107
+,108,109,108
+,109,110,109
+,110,111,110
+,111,112,111
+,112,113,112
+,113,114,113
+,114,115,114
+,115,116,115
+,116,117,116
+,117,118,117
+,118,119,118
+,119,120,119
+,120,121,120
+,121,122,121
+,122,123,122
+,123,124,123
+,124,125,124
+,125,126,125
+,126,127,126
+,127,128,127
+,128,129,128
+,129,130,129
+,130,131,130
+,131,132,131
+,132,133,132
+,133,134,133
+,134,135,134
+,135,136,135
+,136,137,136
+,137,138,137
+,138,139,138
+,139,140,139
+,140,141,140
+,141,142,141
+,142,143,142
+,143,144,143
+,144,145,144
+,145,146,145
+,146,147,146
+,147,148,147
+,148,149,148
+,149,150,149
+,150,151,150
+,151,152,151
+,152,153,152
+,153,154,153
+,154,155,154
+,155,156,155
+,156,157,156
+,157,158,157
+,158,159,158
+,159,160,159
+,160,161,160
+,161,162,161
+,162,163,162
+,163,164,163
+,164,165,164
+,165,166,165
+,166,167,166
+,167,168,167
+,168,169,168
+,169,170,169
+,170,171,170
+,171,172,171
+,172,173,172
+,173,174,173
+,174,175,174
+,175,176,175
+,176,177,176
+,177,178,177
+,178,179,178
+,179,180,179
+,180,181,180
+,181,182,181
+,182,183,182
+,183,184,183
+,184,185,184
+,185,186,185
+,186,187,186
+,187,188,187
+,188,189,188
+,189,190,189
+,190,191,190
+,191,192,191
+,192,193,192
+,193,194,193
+,194,195,194
+,195,196,195
+,196,197,196
+,197,198,197
+,198,199,198
+,199,200,199
+,200,201,200
+,201,202,201
+,202,203,202
+,203,204,203
+,204,205,204
+,205,206,205
+,206,207,206
+,207,208,207
+,208,209,208
+,209,210,209
+,210,211,210
+,211,212,211
+,212,213,212
+,213,214,213
+,214,215,214
+,215,216,215
+,216,217,216
+,217,218,217
+,218,219,218
+,219,220,219
+,220,221,220
+,221,222,221
+,222,223,222
+,223,224,223
+,224,225,224
+,225,226,225
+,226,227,226
+,227,228,227
+,228,229,228
+,229,230,229
+,230,231,230
+,231,232,231
+,232,233,232
+,233,234,233
+,234,235,234
+,235,236,235
+,236,237,236
+,237,238,237
+,238,239,238
+,239,240,239
+,240,241,240
+,241,242,241
+,242,243,242
+,243,244,243
+,244,245,244
+,245,246,245
+,246,247,246
+,247,248,247
+,248,249,248
+,249,250,249
+,250,251,250
+,251,252,251
+,252,253,252
+,253,254,253
+,254,255,254
+,255,256,255
+,256,257,256
+,257,258,257
+,258,259,258
+,259,260,259
+,260,261,260
+,261,262,261
+,262,263,262
+,263,264,263
+,264,265,264
+,265,266,265
+,266,267,266
+,267,268,267
+,268,269,268
+,269,270,269
+,270,271,270
+,271,272,271
+,272,273,272
+,273,274,273
+,274,275,274
+,275,276,275
+,276,277,276
+,277,278,277
+,278,279,278
+,279,280,279
+,280,281,280
+,281,282,281
+,282,283,282
+,283,284,283
+,284,285,284
+,285,286,285
+,286,287,286
+,287,288,287
+,288,289,288
+,289,290,289
+,290,291,290
+,291,292,291
+,292,293,292
+,293,294,293
+,294,295,294
+,295,296,295
+,296,297,296
+,297,298,297
+,298,299,298
+,299,300,299
+,300,301,300
+,301,302,301
+,302,303,302
+,303,304,303
+,304,305,304
+,305,306,305
+,306,307,306
+,307,308,307
+,308,309,308
+,309,310,309
+,310,311,310
+,311,312,311
+,312,313,312
+,313,314,313
+,314,315,314
+,315,316,315
+,316,317,316
+,317,318,317
+,318,319,318
+,319,320,319
+,320,321,320
+,321,322,321
+,322,323,322
+,323,324,323
+,324,325,324
+,325,326,325
+,326,327,326
+,327,328,327
+,328,329,328
+,329,330,329
+,330,331,330
+,331,332,331
+,332,333,332
+,333,334,333
+,334,335,334
+,335,336,335
+,336,337,336
+,337,338,337
+,338,339,338
+,339,340,339
+,340,341,340
+,341,342,341
+,342,343,342
+,343,344,343
+,344,345,344
+,345,346,345
+,346,347,346
+,347,348,347
+,348,349,348
+,349,350,349
+,350,351,350
+,351,352,351
+,352,353,352
+,353,354,353
+,354,355,354
+,355,356,355
+,356,357,356
+,357,358,357
+,358,359,358
+,359,360,359
+,360,361,360
+,361,362,361
+,362,363,362
+,363,364,363
+,364,365,364
+,365,366,365
+,366,367,366
+,367,368,367
+,368,369,368
+,369,370,369
+,370,371,370
+,371,372,371
+,372,373,372
+,373,374,373
+,374,375,374
+,375,376,375
+,376,377,376
+,377,378,377
+,378,379,378
+,379,380,379
+,380,381,380
+,381,382,381
+,382,383,382
+,383,384,383
+,384,385,384
+,385,386,385
+,386,387,386
+,387,388,387
+,388,389,388
+,389,390,389
+,390,391,390
+,391,392,391
+,392,393,392
+,393,394,393
+,394,395,394
+,395,396,395
+,396,397,396
+,397,398,397
+,398,399,398
+,399,400,399
+,400,401,400
+,401,402,401
+,402,403,402
+,403,404,403
+,404,405,404
+,405,406,405
+,406,407,406
+,407,408,407
+,408,409,408
+,409,410,409
+,410,411,410
+,411,412,411
+,412,413,412
+,413,414,413
+,414,415,414
+,415,416,415
+,416,417,416
+,417,418,417
+,418,419,418
+,419,420,419
+,420,421,420
+,421,422,421
+,422,423,422
+,423,424,423
+,424,425,424
+,425,426,425
+,426,427,426
+,427,428,427
+,428,429,428
+,429,430,429
+,430,431,430
+,431,432,431
+,432,433,432
+,433,434,433
+,434,435,434
+,435,436,435
+,436,437,436
+,437,438,437
+,438,439,438
+,439,440,439
+,440,441,440
+,441,442,441
+,442,443,442
+,443,444,443
+,444,445,444
+,445,446,445
+,446,447,446
+,447,448,447
+,448,449,448
+,449,450,449
+,450,451,450
+,451,452,451
+,452,453,452
+,453,454,453
+,454,455,454
+,455,456,455
+,456,457,456
+,457,458,457
+,458,459,458
+,459,460,459
+,460,461,460
+,461,462,461
+,462,463,462
+,463,464,463
+,464,465,464
+,465,466,465
+,466,467,466
+,467,468,467
+,468,469,468
+,469,470,469
+,470,471,470
+,471,472,471
+,472,473,472
+,473,474,473
+,474,475,474
+,475,476,475
+,476,477,476
+,477,478,477
+,478,479,478
+,479,480,479
+,480,481,480
+,481,482,481
+,482,483,482
+,483,484,483
+,484,485,484
+,485,486,485
+,486,487,486
+,487,488,487
+,488,489,488
+,489,490,489
+,490,491,490
+,491,492,491
+,492,493,492
+,493,494,493
+,494,495,494
+,495,496,495
+,496,497,496
+,497,498,497
+,498,499,498
+,499,500,499
+,500,501,500
+,501,502,501
+,502,503,502
+,503,504,503
+,504,505,504
+,505,506,505
+,506,507,506
+,507,508,507
+,508,509,508
+,509,510,509
+,510,511,510
+,511,512,511
+,512,513,512
+,513,514,513
+,514,515,514
+,515,516,515
+,516,517,516
+,517,518,517
+,518,519,518
+,519,520,519
+,520,521,520
+,521,522,521
+,522,523,522
+,523,524,523
+,524,525,524
+,525,526,525
+,526,527,526
+,527,528,527
+,528,529,528
+,529,530,529
+,530,531,530
+,531,532,531
+,532,533,532
+,533,534,533
+,534,535,534
+,535,536,535
+,536,537,536
+,537,538,537
+,538,539,538
+,539,540,539
+,540,541,540
+,541,542,541
+,542,543,542
+,543,544,543
+,544,545,544
+,545,546,545
+,546,547,546
+,547,548,547
+,548,549,548
+,549,550,549
+,550,551,550
+,551,552,551
+,552,553,552
+,553,554,553
+,554,555,554
+,555,556,555
+,556,557,556
+,557,558,557
+,558,559,558
+,559,560,559
+,560,561,560
+,561,562,561
+,562,563,562
+,563,564,563
+,564,565,564
+,565,566,565
+,566,567,566
+,567,568,567
+,568,569,568
+,569,570,569
+,570,571,570
+,571,572,571
+,572,573,572
+,573,574,573
+,574,575,574
+,575,576,575
+,576,577,576
+,577,578,577
+,578,579,578
+,579,580,579
+,580,581,580
+,581,582,581
+,582,583,582
+,583,584,583
+,584,585,584
+,585,586,585
+,586,587,586
+,587,588,587
+,588,589,588
+,589,590,589
+,590,591,590
+,591,592,591
+,592,593,592
+,593,594,593
+,594,595,594
+,595,596,595
+,596,597,596
+,597,598,597
+,598,599,598
+,599,600,599
+,600,601,600
+,601,602,601
+,602,603,602
+,603,604,603
+,604,605,604
+,605,606,605
+,606,607,606
+,607,608,607
+,608,609,608
+,609,610,609
+,610,611,610
+,611,612,611
+,612,613,612
+,613,614,613
+,614,615,614
+,615,616,615
+,616,617,616
+,617,618,617
+,618,619,618
+,619,620,619
+,620,621,620
+,621,622,621
+,622,623,622
+,623,624,623
+,624,625,624
+,625,626,625
+,626,627,626
+,627,628,627
+,628,629,628
+,629,630,629
+,630,631,630
+,631,632,631
+,632,633,632
+,633,634,633
+,634,635,634
+,635,636,635
+,636,637,636
+,637,638,637
+,638,639,638
+,639,640,639
+,640,641,640
+,641,642,641
+,642,643,642
+,643,644,643
+,644,645,644
+,645,646,645
+,646,647,646
+,647,648,647
+,648,649,648
+,649,650,649
+,650,651,650
+,651,652,651
+,652,653,652
+,653,654,653
+,654,655,654
+,655,656,655
+,656,657,656
+,657,658,657
+,658,659,658
+,659,660,659
+,660,661,660
+,661,662,661
+,662,663,662
+,663,664,663
+,664,665,664
+,665,666,665
+,666,667,666
+,667,668,667
+,668,669,668
+,669,670,669
+,670,671,670
+,671,672,671
+,672,673,672
+,673,674,673
+,674,675,674
+,675,676,675
+,676,677,676
+,677,678,677
+,678,679,678
+,679,680,679
+,680,681,680
+,681,682,681
+,682,683,682
+,683,684,683
+,684,685,684
+,685,686,685
+,686,687,686
+,687,688,687
+,688,689,688
+,689,690,689
+,690,691,690
+,691,692,691
+,692,693,692
+,693,694,693
+,694,695,694
+,695,696,695
+,696,697,696
+,697,698,697
+,698,699,698
+,699,700,699
+,700,701,700
+,701,702,701
+,702,703,702
+,703,704,703
+,704,705,704
+,705,706,705
+,706,707,706
+,707,708,707
+,708,709,708
+,709,710,709
+,710,711,710
+,711,712,711
+,712,713,712
+,713,714,713
+,714,715,714
+,715,716,715
+,716,717,716
+,717,718,717
+,718,719,718
+,719,720,719
+,720,721,720
+,721,722,721
+,722,723,722
+,723,724,723
+,724,725,724
+,725,726,725
+,726,727,726
+,727,728,727
+,728,729,728
+,729,730,729
+,730,731,730
+,731,732,731
+,732,733,732
+,733,734,733
+,734,735,734
+,735,736,735
+,736,737,736
+,737,738,737
+,738,739,738
+,739,740,739
+,740,741,740
+,741,742,741
+,742,743,742
+,743,744,743
+,744,745,744
+,745,746,745
+,746,747,746
+,747,748,747
+,748,749,748
+,749,750,749
+,750,751,750
+,751,752,751
+,752,753,752
+,753,754,753
+,754,755,754
+,755,756,755
+,756,757,756
+,757,758,757
+,758,759,758
+,759,760,759
+,760,761,760
+,761,762,761
+,762,763,762
+,763,764,763
+,764,765,764
+,765,766,765
+,766,767,766
+,767,768,767
+,768,769,768
+,769,770,769
+,770,771,770
+,771,772,771
+,772,773,772
+,773,774,773
+,774,775,774
+,775,776,775
+,776,777,776
+,777,778,777
+,778,779,778
+,779,780,779
+,780,781,780
+,781,782,781
+,782,783,782
+,783,784,783
+,784,785,784
+,785,786,785
+,786,787,786
+,787,788,787
+,788,789,788
+,789,790,789
+,790,791,790
+,791,792,791
+,792,793,792
+,793,794,793
+,794,795,794
+,795,796,795
+,796,797,796
+,797,798,797
+,798,799,798
+,799,800,799
+,800,801,800
+,801,802,801
+,802,803,802
+,803,804,803
+,804,805,804
+,805,806,805
+,806,807,806
+,807,808,807
+,808,809,808
+,809,810,809
+,810,811,810
+,811,812,811
+,812,813,812
+,813,814,813
+,814,815,814
+,815,816,815
+,816,817,816
+,817,818,817
+,818,819,818
+,819,820,819
+,820,821,820
+,821,822,821
+,822,823,822
+,823,824,823
+,824,825,824
+,825,826,825
+,826,827,826
+,827,828,827
+,828,829,828
+,829,830,829
+,830,831,830
+,831,832,831
+,832,833,832
+,833,834,833
+,834,835,834
+,835,836,835
+,836,837,836
+,837,838,837
+,838,839,838
+,839,840,839
+,840,841,840
+,841,842,841
+,842,843,842
+,843,844,843
+,844,845,844
+,845,846,845
+,846,847,846
+,847,848,847
+,848,849,848
+,849,850,849
+,850,851,850
+,851,852,851
+,852,853,852
+,853,854,853
+,854,855,854
+,855,856,855
+,856,857,856
+,857,858,857
+,858,859,858
+,859,860,859
+,860,861,860
+,861,862,861
+,862,863,862
+,863,864,863
+,864,865,864
+,865,866,865
+,866,867,866
+,867,868,867
+,868,869,868
+,869,870,869
+,870,871,870
+,871,872,871
+,872,873,872
+,873,874,873
+,874,875,874
+,875,876,875
+,876,877,876
+,877,878,877
+,878,879,878
+,879,880,879
+,880,881,880
+,881,882,881
+,882,883,882
+,883,884,883
+,884,885,884
+,885,886,885
+,886,887,886
+,887,888,887
+,888,889,888
+,889,890,889
+,890,891,890
+,891,892,891
+,892,893,892
+,893,894,893
+,894,895,894
+,895,896,895
+,896,897,896
+,897,898,897
+,898,899,898
+,899,900,899
+,900,901,900
+,901,902,901
+,902,903,902
+,903,904,903
+,904,905,904
+,905,906,905
+,906,907,906
+,907,908,907
+,908,909,908
+,909,910,909
+,910,911,910
+,911,912,911
+,912,913,912
+,913,914,913
+,914,915,914
+,915,916,915
+,916,917,916
+,917,918,917
+,918,919,918
+,919,920,919
+,920,921,920
+,921,922,921
+,922,923,922
+,923,924,923
+,924,925,924
+,925,926,925
+,926,927,926
+,927,928,927
+,928,929,928
+,929,930,929
+,930,931,930
+,931,932,931
+,932,933,932
+,933,934,933
+,934,935,934
+,935,936,935
+,936,937,936
+,937,938,937
+,938,939,938
+,939,940,939
+,940,941,940
+,941,942,941
+,942,943,942
+,943,944,943
+,944,945,944
+,945,946,945
+,946,947,946
+,947,948,947
+,948,949,948
+,949,950,949
+,950,951,950
+,951,952,951
+,952,953,952
+,953,954,953
+,954,955,954
+,955,956,955
+,956,957,956
+,957,958,957
+,958,959,958
+,959,960,959
+,960,961,960
+,961,962,961
+,962,963,962
+,963,964,963
+,964,965,964
+,965,966,965
+,966,967,966
+,967,968,967
+,968,969,968
+,969,970,969
+,970,971,970
+,971,972,971
+,972,973,972
+,973,974,973
+,974,975,974
+,975,976,975
+,976,977,976
+,977,978,977
+,978,979,978
+,979,980,979
+,980,981,980
+,981,982,981
+,982,983,982
+,983,984,983
+,984,985,984
+,985,986,985
+,986,987,986
+,987,988,987
+,988,989,988
+,989,990,989
+,990,991,990
+,991,992,991
+,992,993,992
+,993,994,993
+,994,995,994
+,995,996,995
+,996,997,996
+,997,998,997
+,998,999,998
+,999,0,999
+,0,12,1000
+,1,672,1001
+,2,17,1002
+,3,571,1003
+,4,749,1004
+,5,711,1005
+,6,663,1006
+,7,118,1007
+,8,427,1008
+,9,567,1009
+,10,80,1010
+,11,120,1011
+,13,65,1012
+,14,753,1013
+,15,97,1014
+,16,175,1015
+,18,381,1016
+,19,132,1017
+,20,205,1018
+,21,786,1019
+,22,128,1020
+,23,351,1021
+,24,805,1022
+,25,885,1023
+,26,934,1024
+,27,511,1025
+,28,474,1026
+,29,250,1027
+,30,332,1028
+,31,159,1029
+,32,112,1030
+,33,273,1031
+,34,631,1032
+,35,532,1033
+,36,505,1034
+,37,895,1035
+,38,49,1036
+,39,828,1037
+,40,621,1038
+,41,722,1039
+,42,915,1040
+,43,288,1041
+,44,715,1042
+,45,389,1043
+,46,791,1044
+,47,512,1045
+,48,764,1046
+,50,839,1047
+,51,365,1048
+,52,231,1049
+,53,919,1050
+,54,694,1051
+,55,485,1052
+,56,251,1053
+,57,244,1054
+,58,90,1055
+,59,530,1056
+,60,71,1057
+,61,347,1058
+,62,782,1059
+,63,678,1060
+,64,997,1061
+,66,310,1062
+,67,124,1063
+,68,615,1064
+,69,549,1065
+,70,679,1066
+,72,227,1067
+,73,348,1068
+,74,976,1069
+,75,423,1070
+,76,161,1071
+,77,721,1072
+,78,358,1073
+,79,403,1074
+,81,788,1075
+,82,519,1076
+,83,422,1077
+,84,909,1078
+,85,353,1079
+,86,385,1080
+,87,180,1081
+,88,910,1082
+,89,796,1083
+,91,913,1084
+,92,579,1085
+,93,176,1086
+,94,433,1087
+,95,467,1088
+,96,201,1089
+,98,572,1090
+,99,824,1091
+,100,889,1092
+,101,593,1093
+,102,656,1094
+,103,703,1095
+,104,797,1096
+,105,450,1097
+,106,602,1098
+,107,849,1099
+,108,723,1100
+,109,650,1101
+,110,917,1102
+,111,558,1103
+,113,949,1104
+,114,799,1105
+,115,518,1106
+,116,350,1107
+,117,306,1108
+,119,923,1109
+,121,501,1110
+,122,329,1111
+,123,219,1112
+,125,903,1113
+,126,815,1114
+,127,890,1115
+,129,483,1116
+,130,216,1117
+,131,727,1118
+,133,210,1119
+,134,947,1120
+,135,943,1121
+,136,194,1122
+,137,289,1123
+,138,495,1124
+,139,891,1125
+,140,896,1126
+,141,287,1127
+,142,448,1128
+,143,675,1129
+,144,373,1130
+,145,508,1131
+,146,892,1132
+,147,761,1133
+,148,326,1134
+,149,847,1135
+,150,431,1136
+,151,408,1137
+,152,206,1138
+,153,806,1139
+,154,630,1140
+,155,716,1141
+,156,410,1142
+,157,543,1143
+,158,435,1144
+,160,772,1145
+,162,213,1146
+,163,237,1147
+,164,958,1148
+,165,589,1149
+,166,396,1150
+,167,760,1151
+,168,544,1152
+,169,651,1153
+,170,379,1154
+,171,282,1155
+,172,528,1156
+,173,319,1157
+,174,386,1158
+,177,929,1159
+,178,236,1160
+,179,472,1161
+,181,695,1162
+,182,364,1163
+,183,514,1164
+,184,646,1165
+,185,504,1166
+,186,836,1167
+,187,434,1168
+,188,577,1169
+,189,564,1170
+,190,908,1171
+,191,823,1172
+,192,935,1173
+,193,591,1174
+,195,687,1175
+,196,378,1176
+,197,400,1177
+,198,657,1178
+,199,208,1179
+,200,223,1180
+,202,420,1181
+,203,617,1182
+,204,830,1183
+,207,960,1184
+,209,499,1185
+,211,325,1186
+,212,916,1187
+,214,827,1188
+,215,677,1189
+,217,262,1190
+,218,534,1191
+,220,881,1192
+,221,766,1193
+,222,482,1194
+,224,342,1195
+,225,808,1196
+,226,681,1197
+,228,838,1198
+,229,463,1199
+,230,901,1200
+,232,442,1201
+,233,447,1202
+,234,531,1203
+,235,858,1204
+,238,603,1205
+,239,928,1206
+,240,556,1207
+,241,391,1208
+,242,550,1209
+,243,538,1210
+,245,674,1211
+,246,637,1212
+,247,425,1213
+,248,470,1214
+,249,608,1215
+,252,333,1216
+,253,566,1217
+,254,541,1218
+,255,859,1219
+,256,927,1220
+,257,328,1221
+,258,316,1222
+,259,498,1223
+,260,813,1224
+,261,686,1225
+,263,665,1226
+,264,445,1227
+,265,371,1228
+,266,845,1229
+,267,395,1230
+,268,357,1231
+,269,478,1232
+,270,294,1233
+,271,459,1234
+,272,872,1235
+,274,300,1236
+,275,369,1237
+,276,826,1238
+,277,981,1239
+,278,321,1240
+,279,921,1241
+,280,747,1242
+,281,781,1243
+,283,523,1244
+,284,476,1245
+,285,380,1246
+,286,645,1247
+,290,768,1248
+,291,616,1249
+,292,409,1250
+,293,961,1251
+,295,920,1252
+,296,818,1253
+,297,629,1254
+,298,639,1255
+,299,335,1256
+,301,507,1257
+,302,314,1258
+,303,619,1259
+,304,588,1260
+,305,455,1261
+,307,959,1262
+,308,469,1263
+,309,522,1264
+,311,865,1265
+,312,493,1266
+,313,701,1267
+,315,877,1268
+,317,569,1269
+,318,340,1270
+,320,394,1271
+,322,756,1272
+,323,814,1273
+,324,439,1274
+,327,392,1275
+,330,729,1276
+,331,520,1277
+,334,820,1278
+,336,488,1279
+,337,372,1280
+,338,370,1281
+,339,974,1282
+,341,486,1283
+,343,850,1284
+,344,533,1285
+,345,937,1286
+,346,882,1287
+,349,620,1288
+,352,676,1289
+,354,355,1290
+,356,573,1291
+,359,977,1292
+,360,898,1293
+,361,377,1294
+,362,774,1295
+,363,900,1296
+,366,594,1297
+,367,944,1298
+,368,387,1299
+,374,887,1300
+,375,640,1301
+,376,841,1302
+,382,555,1303
+,383,735,1304
+,384,432,1305
+,388,738,1306
+,390,480,1307
+,393,607,1308
+,397,737,1309
+,398,503,1310
+,399,875,1311
+,401,479,1312
+,402,670,1313
+,404,989,1314
+,405,585,1315
+,406,942,1316
+,407,999,1317
+,411,417,1318
+,412,740,1319
+,413,784,1320
+,414,697,1321
+,415,444,1322
+,416,795,1323
+,418,986,1324
+,419,970,1325
+,421,936,1326
+,424,991,1327
+,426,939,1328
+,428,987,1329
+,429,451,1330
+,430,996,1331
+,436,584,1332
+,437,998,1333
+,438,548,1334
+,440,733,1335
+,441,502,1336
+,443,605,1337
+,446,803,1338
+,449,734,1339
+,452,809,1340
+,453,614,1341
+,454,855,1342
+,456,471,1343
+,457,963,1344
+,458,933,1345
+,460,698,1346
+,461,557,1347
+,462,705,1348
+,464,863,1349
+,465,647,1350
+,466,613,1351
+,468,995,1352
+,473,812,1353
+,475,668,1354
+,477,609,1355
+,481,905,1356
+,484,770,1357
+,487,598,1358
+,489,699,1359
+,490,800,1360
+,491,848,1361
+,492,690,1362
+,494,586,1363
+,496,743,1364
+,497,904,1365
+,500,622,1366
+,506,821,1367
+,509,565,1368
+,510,804,1369
+,513,537,1370
+,515,819,1371
+,516,787,1372
+,517,563,1373
+,521,948,1374
+,524,914,1375
+,525,635,1376
+,526,746,1377
+,527,825,1378
+,529,869,1379
+,535,883,1380
+,536,954,1381
+,539,638,1382
+,540,952,1383
+,542,755,1384
+,545,691,1385
+,546,925,1386
+,547,659,1387
+,551,718,1388
+,552,953,1389
+,553,660,1390
+,554,971,1391
+,559,576,1392
+,560,575,1393
+,561,792,1394
+,562,951,1395
+,568,626,1396
+,570,907,1397
+,574,941,1398
+,578,692,1399
+,580,713,1400
+,581,924,1401
+,582,965,1402
+,583,798,1403
+,587,689,1404
+,590,763,1405
+,592,610,1406
+,595,643,1407
+,596,628,1408
+,597,843,1409
+,599,817,1410
+,600,682,1411
+,601,655,1412
+,604,866,1413
+,606,862,1414
+,611,851,1415
+,612,979,1416
+,618,633,1417
+,623,652,1418
+,624,708,1419
+,625,888,1420
+,627,775,1421
+,632,744,1422
+,634,728,1423
+,636,669,1424
+,641,693,1425
+,642,856,1426
+,644,975,1427
+,648,706,1428
+,649,967,1429
+,653,666,1430
+,654,759,1431
+,658,938,1432
+,661,785,1433
+,662,709,1434
+,664,712,1435
+,667,894,1436
+,671,893,1437
+,673,822,1438
+,680,714,1439
+,683,769,1440
+,684,724,1441
+,685,988,1442
+,688,807,1443
+,696,765,1444
+,700,956,1445
+,702,968,1446
+,704,884,1447
+,707,776,1448
+,710,732,1449
+,717,870,1450
+,719,972,1451
+,720,742,1452
+,725,736,1453
+,726,864,1454
+,730,853,1455
+,731,832,1456
+,739,754,1457
+,741,779,1458
+,745,902,1459
+,748,846,1460
+,750,861,1461
+,751,790,1462
+,752,957,1463
+,757,854,1464
+,758,984,1465
+,762,835,1466
+,767,857,1467
+,771,932,1468
+,773,950,1469
+,777,837,1470
+,778,931,1471
+,780,801,1472
+,783,926,1473
+,789,897,1474
+,793,868,1475
+,794,973,1476
+,802,980,1477
+,810,829,1478
+,811,852,1479
+,816,982,1480
+,831,993,1481
+,833,922,1482
+,834,842,1483
+,840,879,1484
+,844,912,1485
+,860,867,1486
+,871,940,1487
+,873,946,1488
+,874,962,1489
+,876,899,1490
+,878,966,1491
+,880,969,1492
+,886,911,1493
+,906,955,1494
+,918,983,1495
+,930,994,1496
+,945,990,1497
+,964,992,1498
+,978,978,1499
+,985,985,1500
-,791,46,1501
-,942,406,1502
+,791,942,1503
+,46,406,1504
-,159,31,1505
-,498,259,1506
+,159,498,1507
+,31,259,1508
-,282,171,1509
-,49,38,1510
+,282,49,1511
+,171,38,1512
-,622,500,1513
-,820,334,1514
+,622,820,1515
+,500,334,1516
-,681,226,1517
-,848,491,1518
+,681,848,1519
+,226,491,1520
-,659,547,1521
-,329,122,1522
+,659,329,1523
+,547,122,1524
-,631,34,1525
-,294,270,1526
+,631,294,1527
+,34,270,1528
-,995,468,1529
-,666,653,1530
+,995,666,1531
+,468,653,1532
-,708,624,1533
-,801,780,1534
+,708,801,1535
+,624,780,1536
-,483,129,1537
-,518,115,1538
+,483,518,1539
+,129,115,1540
-,488,336,1541
-,216,130,1542
+,488,216,1543
+,336,130,1544
-,755,542,1545
-,210,133,1546
+,755,210,1547
+,542,133,1548
-,12,0,1549
-,455,305,1550
+,12,455,1551
+,0,305,1552
-,902,745,1553
-,306,117,1554
+,902,306,1555
+,745,117,1556
-,863,464,1557
-,282,49,1558
+,863,282,1559
+,464,49,1560
-,442,232,1561
-,887,374,1562
+,442,887,1563
+,232,374,1564
-,959,307,1565
-,379,170,1566
+,959,379,1567
+,307,170,1568
-,619,303,1569
-,655,601,1570
+,619,655,1571
+,303,601,1572
-,365,51,1573
-,712,664,1574
+,365,712,1575
+,51,664,1576
-,914,524,1577
-,905,481,1578
+,914,905,1579
+,524,481,1580
-,975,644,1581
-,915,42,1582
+,975,915,1583
+,644,42,1584
-,571,3,1585
-,890,127,1586
+,571,890,1587
+,3,127,1588
-,832,731,1589
-,744,632,1590
+,832,744,1591
+,731,632,1592
-,858,235,1593
-,952,540,1594
+,858,952,1595
+,235,540,1596
-,877,315,1597
-,859,255,1598
+,877,859,1599
+,315,255,1600
-,464,49,1601
-,573,356,1602
+,464,573,1603
+,49,356,1604
-,904,497,1605
-,826,276,1606
+,904,826,1607
+,497,276,1608
-,605,443,1609
-,908,190,1610
+,605,908,1611
+,443,190,1612
-,523,283,1613
-,613,466,1614
+,523,613,1615
+,283,466,1616
-,866,604,1617
-,714,680,1618
+,866,714,1619
+,604,680,1620
-,633,618,1621
-,954,536,1622
+,633,954,1623
+,618,536,1624
-,889,100,1625
-,471,456,1626
+,889,471,1627
+,100,456,1628
-,913,91,1629
-,538,243,1630
+,913,538,1631
+,91,243,1632
-,651,169,1633
-,262,217,1634
+,651,262,1635
+,169,217,1636
-,795,416,1637
-,740,412,1638
+,795,740,1639
+,416,412,1640
-,809,452,1641
-,369,275,1642
+,809,369,1643
+,452,275,1644
-,171,38,1645
-,615,68,1646
+,171,615,1647
+,38,68,1648
-,941,574,1649
-,408,151,1650
+,941,408,1651
+,574,151,1652
-,922,833,1653
-,91,243,1654
+,922,91,1655
+,833,243,1656
-,476,284,1657
-,201,96,1658
+,476,201,1659
+,284,96,1660
-,403,79,1661
-,619,655,1662
+,403,619,1663
+,79,655,1664
-,920,295,1665
-,776,707,1666
+,920,776,1667
+,295,707,1668
-,236,178,1669
-,574,151,1670
+,236,574,1671
+,178,151,1672
-,969,880,1673
-,614,453,1674
+,969,614,1675
+,880,453,1676
-,971,554,1677
-,904,826,1678
+,971,904,1679
+,554,826,1680
-,813,260,1681
-,571,890,1682
+,813,571,1683
+,260,890,1684
-,869,529,1685
-,435,158,1686
+,869,435,1687
+,529,158,1688
-,976,74,1689
-,799,114,1690
+,976,799,1691
+,74,114,1692
-,643,595,1693
-,689,587,1694
+,643,689,1695
+,595,587,1696
-,607,393,1697
-,903,125,1698
+,607,903,1699
+,393,125,1700
-,823,191,1701
-,333,252,1702
+,823,333,1703
+,191,252,1704
-,3,127,1705
-,938,658,1706
+,3,938,1707
+,127,658,1708
-,724,684,1709
-,781,281,1710
+,724,781,1711
+,684,281,1712
-,284,96,1713
-,808,225,1714
+,284,808,1715
+,96,225,1716
-,733,440,1717
-,862,606,1718
+,733,862,1719
+,440,606,1720
-,937,345,1721
-,386,174,1722
+,937,386,1723
+,345,174,1724
-,523,613,1725
-,850,343,1726
+,523,850,1727
+,613,343,1728
-,433,94,1729
-,936,421,1730
+,433,936,1731
+,94,421,1732
-,609,477,1733
-,957,752,1734
+,609,957,1735
+,477,752,1736
-,828,39,1737
-,765,696,1738
+,828,765,1739
+,39,696,1740
-,227,72,1741
-,922,91,1742
+,227,922,1743
+,72,91,1744
-,528,172,1745
-,868,793,1746
+,528,868,1747
+,172,793,1748
-,129,115,1749
-,830,204,1750
+,129,830,1751
+,115,204,1752
-,71,60,1753
-,920,776,1754
+,71,920,1755
+,60,776,1756
-,588,304,1757
-,235,540,1758
+,588,235,1759
+,304,540,1760
-,681,848,1761
-,883,535,1762
+,681,883,1763
+,848,535,1764
-,913,538,1765
-,353,85,1766
+,913,353,1767
+,538,85,1768
-,427,8,1769
-,90,58,1770
+,427,90,1771
+,8,58,1772
-,785,661,1773
-,372,337,1774
+,785,372,1775
+,661,337,1776
-,289,137,1777
-,695,181,1778
+,289,695,1779
+,137,181,1780
-,706,648,1781
-,941,408,1782
+,706,941,1783
+,648,408,1784
-,120,11,1785
-,647,465,1786
+,120,647,1787
+,11,465,1788
-,638,539,1789
-,529,158,1790
+,638,529,1791
+,539,158,1792
-,934,26,1793
-,650,109,1794
+,934,650,1795
+,26,109,1796
-,770,484,1797
-,988,685,1798
+,770,988,1799
+,484,685,1800
-,939,426,1801
-,891,139,1802
+,939,891,1803
+,426,139,1804
-,928,239,1805
-,511,27,1806
+,928,511,1807
+,239,27,1808
-,38,68,1809
-,316,258,1810
+,38,316,1811
+,68,258,1812
-,966,878,1813
-,785,372,1814
+,966,785,1815
+,878,372,1816
-,935,192,1817
-,857,767,1818
+,935,857,1819
+,192,767,1820
-,499,209,1821
-,899,876,1822
+,499,899,1823
+,209,876,1824
-,567,9,1825
-,990,945,1826
+,567,990,1827
+,9,945,1828
-,889,471,1829
-,483,518,1830
+,889,483,1831
+,471,518,1832
-,371,265,1833
-,836,186,1834
+,371,836,1835
+,265,186,1836
-,452,275,1837
-,392,327,1838
+,452,392,1839
+,275,327,1840
-,626,568,1841
-,977,359,1842
+,626,977,1843
+,568,359,1844
-,336,130,1845
-,307,170,1846
+,336,307,1847
+,130,170,1848
-,479,401,1849
-,975,915,1850
+,479,975,1851
+,401,915,1852
-,724,781,1853
-,917,110,1854
+,724,917,1855
+,781,110,1856
-,661,337,1857
-,420,202,1858
+,661,420,1859
+,337,202,1860
-,416,412,1861
-,731,632,1862
+,416,731,1863
+,412,632,1864
-,668,475,1865
-,79,655,1866
+,668,79,1867
+,475,655,1868
-,660,553,1869
-,445,264,1870
+,660,445,1871
+,553,264,1872
-,701,313,1873
-,209,876,1874
+,701,209,1875
+,313,876,1876
-,250,29,1877
-,724,917,1878
+,250,724,1879
+,29,917,1880
-,295,707,1881
-,485,55,1882
+,295,485,1883
+,707,55,1884
-,686,261,1885
-,841,376,1886
+,686,841,1887
+,261,376,1888
-,973,794,1889
-,729,330,1890
+,973,729,1891
+,794,330,1892
-,727,131,1893
-,971,904,1894
+,727,971,1895
+,131,904,1896
-,532,35,1897
-,137,181,1898
+,532,137,1899
+,35,181,1900
-,422,83,1901
-,539,158,1902
+,422,539,1903
+,83,158,1904
-,932,771,1905
-,652,623,1906
+,932,652,1907
+,771,623,1908
-,946,873,1909
-,172,793,1910
+,946,172,1911
+,873,793,1912
-,812,473,1913
-,970,419,1914
+,812,970,1915
+,473,419,1916
-,412,632,1917
-,563,517,1918
+,412,563,1919
+,632,517,1920
-,756,322,1921
-,337,202,1922
+,756,337,1923
+,322,202,1924
-,604,680,1925
-,690,492,1926
+,604,690,1927
+,680,492,1928
-,997,64,1929
-,616,291,1930
+,997,616,1931
+,64,291,1932
-,608,249,1933
-,569,317,1934
+,608,569,1935
+,249,317,1936
-,692,578,1937
-,576,559,1938
+,692,576,1939
+,578,559,1940
-,771,623,1941
-,734,449,1942
+,771,734,1943
+,623,449,1944
-,463,229,1945
-,464,573,1946
+,463,464,1947
+,229,573,1948
-,732,710,1949
-,821,506,1950
+,732,821,1951
+,710,506,1952
-,885,25,1953
-,236,574,1954
+,885,236,1955
+,25,574,1956
-,357,268,1957
-,355,354,1958
+,357,355,1959
+,268,354,1960
-,342,224,1961
-,864,726,1962
+,342,864,1963
+,224,726,1964
-,624,780,1965
-,169,217,1966
+,624,169,1967
+,780,217,1968
-,713,580,1969
-,722,41,1970
+,713,722,1971
+,580,41,1972
-,194,136,1973
-,115,204,1974
+,194,115,1975
+,136,204,1976
-,439,324,1977
-,742,720,1978
+,439,742,1979
+,324,720,1980
-,911,886,1981
-,538,85,1982
+,911,538,1983
+,886,85,1984
-,575,560,1985
-,907,570,1986
+,575,907,1987
+,560,570,1988
-,623,449,1989
-,861,750,1990
+,623,861,1991
+,449,750,1992
-,409,292,1993
-,771,734,1994
+,409,771,1995
+,292,734,1996
-,11,465,1997
-,853,730,1998
+,11,853,1999
+,465,730,2000
-,626,977,2001
-,326,148,2002
+,626,326,2003
+,977,148,2004
-,912,844,2005
-,340,318,2006
+,912,340,2007
+,844,318,2008
-,396,166,2009
-,769,683,2010
+,396,769,2011
+,166,683,2012
-,832,744,2013
-,260,890,2014
+,832,260,2015
+,744,890,2016
-,973,729,2017
-,175,16,2018
+,973,175,2019
+,729,16,2020
-,65,13,2021
-,450,105,2022
+,65,450,2023
+,13,105,2024
-,743,496,2025
-,572,98,2026
+,743,572,2027
+,496,98,2028
-,389,45,2029
-,992,964,2030
+,389,992,2031
+,45,964,2032
-,303,601,2033
-,80,10,2034
+,303,80,2035
+,601,10,2036
-,400,197,2037
-,630,154,2038
+,400,630,2039
+,197,154,2040
-,703,103,2041
-,426,139,2042
+,703,426,2043
+,103,139,2044
-,931,778,2045
-,849,107,2046
+,931,849,2047
+,778,107,2048
-,707,55,2049
-,432,384,2050
+,707,432,2051
+,55,384,2052
-,900,363,2053
-,978,978,2054
+,900,978,2055
+,363,978,2056
-,743,572,2057
-,798,583,2058
+,743,798,2059
+,572,583,2060
-,775,627,2061
-,575,907,2062
+,775,575,2063
+,627,907,2064
-,393,125,2065
-,993,831,2066
+,393,993,2067
+,125,831,2068
-,51,664,2069
-,983,918,2070
+,51,983,2071
+,664,918,2072
-,911,538,2073
-,496,98,2074
+,911,496,2075
+,538,98,2076
-,858,952,2077
-,365,712,2078
+,858,365,2079
+,952,712,2080
-,663,6,2081
-,226,491,2082
+,663,226,2083
+,6,491,2084
-,427,90,2085
-,171,615,2086
+,427,171,2087
+,90,615,2088
-,478,269,2089
-,708,801,2090
+,478,708,2091
+,269,801,2092
-,530,59,2093
-,480,390,2094
+,530,480,2095
+,59,390,2096
-,103,139,2097
-,579,92,2098
+,103,579,2099
+,139,92,2100
-,909,84,2101
-,879,840,2102
+,909,879,2103
+,84,840,2104
-,549,69,2105
-,723,108,2106
+,549,723,2107
+,69,108,2108
-,994,930,2109
-,882,346,2110
+,994,882,2111
+,930,346,2112
-,310,66,2113
-,287,141,2114
+,310,287,2115
+,66,141,2116
-,544,168,2117
-,902,306,2118
+,544,902,2119
+,168,306,2120
-,473,419,2121
-,805,24,2122
+,473,805,2123
+,419,24,2124
-,910,88,2125
-,643,689,2126
+,910,643,2127
+,88,689,2128
-,251,56,2129
-,543,157,2130
+,251,543,2131
+,56,157,2132
-,275,327,2133
-,585,405,2134
+,275,585,2135
+,327,405,2136
-,869,435,2137
-,895,37,2138
+,869,895,2139
+,435,37,2140
-,229,573,2141
-,378,196,2142
+,229,378,2143
+,573,196,2144
-,889,483,2145
-,8,58,2146
+,889,8,2147
+,483,58,2148
-,848,535,2149
-,192,767,2150
+,848,192,2151
+,535,767,2152
-,613,343,2153
-,966,785,2154
+,613,966,2155
+,343,785,2156
-,955,906,2157
-,46,406,2158
+,955,46,2159
+,906,406,2160
-,651,262,2161
-,474,28,2162
+,651,474,2163
+,262,28,2164
-,698,460,2165
-,699,489,2166
+,698,699,2167
+,460,489,2168
-,976,799,2169
-,715,44,2170
+,976,715,2171
+,799,44,2172
-,547,122,2173
-,208,199,2174
+,547,208,2175
+,122,199,2176
-,661,420,2177
-,710,506,2178
+,661,710,2179
+,420,506,2180
-,124,67,2181
-,473,805,2182
+,124,473,2183
+,67,805,2184
-,736,725,2185
-,844,318,2186
+,736,844,2187
+,725,318,2188
-,345,174,2189
-,322,202,2190
+,345,322,2191
+,174,202,2192
-,656,102,2193
-,332,30,2194
+,656,332,2195
+,102,30,2196
-,112,32,2197
-,345,322,2198
+,112,345,2199
+,32,322,2200
-,629,297,2201
-,508,145,2202
+,629,508,2203
+,297,145,2204
-,828,765,2205
-,554,826,2206
+,828,554,2207
+,765,826,2208
-,846,748,2209
-,737,397,2210
+,846,737,2211
+,748,397,2212
-,684,281,2213
-,665,263,2214
+,684,665,2215
+,281,263,2216
-,651,474,2217
-,448,142,2218
+,651,448,2219
+,474,142,2220
-,682,600,2221
-,118,7,2222
+,682,118,2223
+,600,7,2224
-,707,432,2225
-,538,98,2226
+,707,538,2227
+,432,98,2228
-,823,333,2229
-,66,141,2230
+,823,66,2231
+,333,141,2232
-,951,562,2233
-,180,87,2234
+,951,180,2235
+,562,87,2236
-,132,19,2237
-,919,53,2238
+,132,919,2239
+,19,53,2240
-,71,920,2241
-,989,404,2242
+,71,989,2243
+,920,404,2244
-,72,91,2245
-,878,372,2246
+,72,878,2247
+,91,372,2248
-,660,445,2249
-,670,402,2250
+,660,670,2251
+,445,402,2252
-,755,210,2253
-,159,498,2254
+,755,159,2255
+,210,498,2256
-,460,489,2257
-,598,487,2258
+,460,598,2259
+,489,487,2260
-,250,724,2261
-,191,252,2262
+,250,191,2263
+,724,252,2264
-,682,118,2265
-,691,545,2266
+,682,691,2267
+,118,545,2268
-,735,383,2269
-,102,30,2270
+,735,102,2271
+,383,30,2272
-,96,225,2273
-,728,634,2274
+,96,728,2275
+,225,634,2276
-,502,441,2277
-,813,571,2278
+,502,813,2279
+,441,571,2280
-,321,278,2281
-,747,280,2282
+,321,747,2283
+,278,280,2284
-,763,590,2285
-,520,331,2286
+,763,520,2287
+,590,331,2288
-,476,201,2289
-,629,508,2290
+,476,629,2291
+,201,508,2292
-,958,164,2293
-,593,101,2294
+,958,593,2295
+,164,101,2296
-,269,801,2297
-,363,978,2298
+,269,363,2299
+,801,978,2300
-,846,737,2301
-,792,561,2302
+,846,792,2303
+,737,561,2304
-,640,375,2305
-,567,990,2306
+,640,567,2307
+,375,990,2308
-,872,272,2309
-,981,277,2310
+,872,981,2311
+,272,277,2312
-,901,230,2313
-,779,741,2314
+,901,779,2315
+,230,741,2316
-,931,849,2317
-,923,119,2318
+,931,923,2319
+,849,119,2320
-,250,191,2321
-,128,22,2322
+,250,128,2323
+,191,22,2324
-,737,561,2325
-,544,902,2326
+,737,544,2327
+,561,902,2328
-,875,399,2329
-,69,108,2330
+,875,69,2331
+,399,108,2332
-,503,398,2333
-,835,762,2334
+,503,835,2335
+,398,762,2336
-,9,945,2337
-,555,382,2338
+,9,555,2339
+,945,382,2340
-,644,42,2341
-,711,5,2342
+,644,711,2343
+,42,5,2344
-,213,162,2345
-,313,876,2346
+,213,313,2347
+,162,876,2348
-,250,128,2349
-,996,430,2350
+,250,996,2351
+,128,430,2352
-,499,899,2353
-,894,667,2354
+,499,894,2355
+,899,667,2356
-,314,302,2357
-,463,464,2358
+,314,463,2359
+,302,464,2360
-,803,446,2361
-,925,546,2362
+,803,925,2363
+,446,546,2364
-,744,890,2365
-,867,860,2366
+,744,867,2367
+,890,860,2368
-,870,717,2369
-,822,673,2370
+,870,822,2371
+,717,673,2372
-,791,942,2373
-,680,492,2374
+,791,680,2375
+,942,492,2376
-,327,405,2377
-,176,93,2378
+,327,176,2379
+,405,93,2380
-,261,376,2381
-,849,119,2382
+,261,849,2383
+,376,119,2384
-,74,114,2385
-,573,196,2386
+,74,573,2387
+,114,196,2388
-,788,81,2389
-,660,670,2390
+,788,660,2391
+,81,670,2392
-,213,313,2393
-,977,148,2394
+,213,977,2395
+,313,148,2396
-,772,160,2397
-,229,378,2398
+,772,229,2399
+,160,378,2400
-,644,711,2401
-,351,23,2402
+,644,351,2403
+,711,23,2404
-,765,826,2405
-,846,792,2406
+,765,846,2407
+,826,792,2408
-,991,424,2409
-,832,260,2410
+,991,832,2411
+,424,260,2412
-,201,508,2413
-,535,767,2414
+,201,535,2415
+,508,767,2416
-,244,57,2417
-,772,229,2418
+,244,772,2419
+,57,229,2420
-,422,539,2421
-,586,494,2422
+,422,586,2423
+,539,494,2424
-,698,699,2425
-,932,652,2426
+,698,932,2427
+,699,652,2428
-,884,704,2429
-,268,354,2430
+,884,268,2431
+,704,354,2432
-,500,334,2433
-,13,105,2434
+,500,13,2435
+,334,105,2436
-,131,904,2437
-,819,515,2438
+,131,819,2439
+,904,515,2440
-,224,726,2441
-,508,767,2442
+,224,508,2443
+,726,767,2444
-,562,87,2445
-,470,248,2446
+,562,470,2447
+,87,248,2448
-,737,544,2449
-,60,776,2450
+,737,60,2451
+,544,776,2452
-,486,341,2453
-,628,596,2454
+,486,628,2455
+,341,596,2456
-,693,641,2457
-,729,16,2458
+,693,729,2459
+,641,16,2460
-,806,153,2461
-,626,326,2462
+,806,626,2463
+,153,326,2464
-,972,719,2465
-,478,708,2466
+,972,478,2467
+,719,708,2468
-,787,516,2469
-,532,137,2470
+,787,532,2471
+,516,137,2472
-,29,917,2473
-,129,830,2474
+,29,129,2475
+,917,830,2476
-,869,895,2477
-,310,287,2478
+,869,310,2479
+,895,287,2480
-,663,226,2481
-,877,859,2482
+,663,877,2483
+,226,859,2484
-,472,179,2485
-,601,10,2486
+,472,601,2487
+,179,10,2488
-,405,93,2489
-,768,290,2490
+,405,768,2491
+,93,290,2492
-,701,209,2493
-,213,977,2494
+,701,213,2495
+,209,977,2496
-,364,182,2497
-,797,104,2498
+,364,797,2499
+,182,104,2500
-,460,598,2501
-,446,546,2502
+,460,446,2503
+,598,546,2504
-,657,198,2505
-,475,655,2506
+,657,475,2507
+,198,655,2508
-,682,691,2509
-,826,792,2510
+,682,826,2511
+,691,792,2512
-,125,831,2513
-,865,311,2514
+,125,865,2515
+,831,311,2516
-,97,15,2517
-,763,520,2518
+,97,763,2519
+,15,520,2520
-,814,323,2521
-,100,456,2522
+,814,100,2523
+,323,456,2524
-,81,670,2525
-,754,739,2526
+,81,754,2527
+,670,739,2528
-,713,722,2529
-,828,554,2530
+,713,828,2531
+,722,554,2532
-,300,274,2533
-,661,710,2534
+,300,661,2535
+,274,710,2536
-,693,729,2537
-,951,180,2538
+,693,951,2539
+,729,180,2540
-,842,834,2541
-,432,98,2542
+,842,432,2543
+,834,98,2544
-,194,115,2545
-,842,432,2546
+,194,842,2547
+,115,432,2548
-,401,915,2549
-,935,857,2550
+,401,935,2551
+,915,857,2552
-,261,849,2553
-,600,7,2554
+,261,600,2555
+,849,7,2556
-,800,490,2557
-,168,306,2558
+,800,168,2559
+,490,306,2560
-,743,798,2561
-,972,478,2562
+,743,972,2563
+,798,478,2564
-,274,710,2565
-,125,865,2566
+,274,125,2567
+,710,865,2568
-,443,190,2569
-,617,203,2570
+,443,617,2571
+,190,203,2572
-,955,46,2573
-,806,626,2574
+,955,806,2575
+,46,626,2576
-,962,874,2577
-,885,236,2578
+,962,885,2579
+,874,236,2580
-,226,859,2581
-,765,846,2582
+,226,765,2583
+,859,846,2584
-,553,264,2585
-,605,908,2586
+,553,605,2587
+,264,908,2588
-,381,18,2589
-,950,773,2590
+,381,950,2591
+,18,773,2592
-,0,305,2593
-,608,569,2594
+,0,608,2595
+,305,569,2596
-,537,513,2597
-,442,887,2598
+,537,442,2599
+,513,887,2600
-,944,367,2601
-,727,971,2602
+,944,727,2603
+,367,971,2604
-,899,667,2605
-,460,446,2606
+,899,460,2607
+,667,446,2608
-,669,636,2609
-,976,715,2610
+,669,976,2611
+,636,715,2612
-,648,408,2613
-,963,457,2614
+,648,963,2615
+,408,457,2616
-,663,877,2617
-,901,779,2618
+,663,901,2619
+,877,779,2620
-,459,271,2621
-,226,765,2622
+,459,226,2623
+,271,765,2624
-,81,754,2625
-,179,10,2626
+,81,179,2627
+,754,10,2628
-,877,779,2629
-,42,5,2630
+,877,42,2631
+,779,5,2632
-,854,757,2633
-,272,277,2634
+,854,272,2635
+,757,277,2636
-,484,685,2637
-,96,728,2638
+,484,96,2639
+,685,728,2640
-,490,306,2641
-,644,351,2642
+,490,644,2643
+,306,351,2644
-,974,339,2645
-,705,462,2646
+,974,705,2647
+,339,462,2648
-,474,142,2649
-,313,148,2650
+,474,313,2651
+,142,148,2652
-,314,463,2653
-,717,673,2654
+,314,717,2655
+,463,673,2656
-,782,62,2657
-,960,207,2658
+,782,960,2659
+,62,207,2660
-,500,13,2661
-,997,616,2662
+,500,997,2663
+,13,616,2664
-,756,337,2665
-,420,506,2666
+,756,420,2667
+,337,506,2668
-,817,599,2669
-,778,107,2670
+,817,778,2671
+,599,107,2672
-,97,763,2673
-,474,313,2674
+,97,474,2675
+,763,313,2676
-,18,773,2677
-,499,894,2678
+,18,499,2679
+,773,894,2680
-,572,583,2681
-,9,555,2682
+,572,9,2683
+,583,555,2684
-,674,245,2685
-,827,214,2686
+,674,827,2687
+,245,214,2688
-,598,546,2689
-,724,252,2690
+,598,724,2691
+,546,252,2692
-,914,905,2693
-,431,150,2694
+,914,431,2695
+,905,150,2696
-,564,189,2697
-,271,765,2698
+,564,271,2699
+,189,765,2700
-,624,169,2701
-,803,925,2702
+,624,803,2703
+,169,925,2704
-,743,972,2705
-,560,570,2706
+,743,560,2707
+,972,570,2708
-,679,70,2709
-,469,308,2710
+,679,469,2711
+,70,308,2712
-,419,24,2713
-,350,116,2714
+,419,350,2715
+,24,116,2716
-,817,778,2717
-,598,724,2718
+,817,598,2719
+,778,724,2720
-,15,520,2721
-,801,978,2722
+,15,801,2723
+,520,978,2724
-,403,619,2725
-,477,752,2726
+,403,477,2727
+,619,752,2728
-,26,109,2729
-,825,527,2730
+,26,825,2731
+,109,527,2732
-,780,217,2733
-,324,720,2734
+,780,324,2735
+,217,720,2736
-,904,515,2737
-,675,143,2738
+,904,675,2739
+,515,143,2740
-,422,586,2741
-,483,58,2742
+,422,483,2743
+,586,58,2744
-,809,369,2745
-,998,437,2746
+,809,998,2747
+,369,437,2748
-,205,20,2749
-,736,844,2750
+,205,736,2751
+,20,844,2752
-,467,95,2753
-,533,344,2754
+,467,533,2755
+,95,344,2756
-,773,894,2757
-,586,58,2758
+,773,586,2759
+,894,58,2760
-,729,180,2761
-,890,860,2762
+,729,890,2763
+,180,860,2764
-,97,474,2765
-,713,828,2766
+,97,713,2767
+,474,828,2768
-,892,146,2769
-,749,4,2770
+,892,749,2771
+,146,4,2772
-,866,714,2773
-,339,462,2774
+,866,339,2775
+,714,462,2776
-,410,156,2777
-,754,10,2778
+,410,754,2779
+,156,10,2780
-,648,963,2781
-,38,316,2782
+,648,38,2783
+,963,316,2784
-,87,248,2785
-,292,734,2786
+,87,292,2787
+,248,734,2788
-,668,79,2789
-,833,243,2790
+,668,833,2791
+,79,243,2792
-,963,316,2793
-,546,252,2794
+,963,546,2795
+,316,252,2796
-,115,432,2797
-,371,836,2798
+,115,371,2799
+,432,836,2800
-,636,715,2801
-,550,242,2802
+,636,550,2803
+,715,242,2804
-,677,215,2805
-,201,535,2806
+,677,201,2807
+,215,535,2808
-,928,511,2809
-,588,235,2810
+,928,588,2811
+,511,235,2812
-,539,494,2813
-,909,879,2814
+,539,909,2815
+,494,879,2816
-,623,861,2817
-,881,220,2818
+,623,881,2819
+,861,220,2820
-,501,121,2821
-,815,126,2822
+,501,815,2823
+,121,126,2824
-,405,768,2825
-,796,89,2826
+,405,796,2827
+,768,89,2828
-,618,536,2829
-,273,33,2830
+,618,273,2831
+,536,33,2832
-,848,192,2833
-,19,53,2834
+,848,19,2835
+,192,53,2836
-,387,368,2837
-,547,208,2838
+,387,547,2839
+,368,208,2840
-,115,371,2841
-,678,63,2842
+,115,678,2843
+,371,63,2844
-,511,235,2845
-,916,212,2846
+,511,916,2847
+,235,212,2848
-,97,713,2849
-,166,683,2850
+,97,166,2851
+,713,683,2852
-,733,862,2853
-,638,529,2854
+,733,638,2855
+,862,529,2856
-,121,126,2857
-,423,75,2858
+,121,423,2859
+,126,75,2860
-,578,559,2861
-,784,413,2862
+,578,784,2863
+,559,413,2864
-,424,260,2865
-,967,649,2866
+,424,967,2867
+,260,649,2868
-,522,309,2869
-,369,437,2870
+,522,369,2871
+,309,437,2872
-,568,359,2873
-,284,808,2874
+,568,284,2875
+,359,808,2876
-,640,567,2877
-,472,601,2878
+,640,472,2879
+,567,601,2880
-,370,338,2881
-,224,508,2882
+,370,224,2883
+,338,508,2884
-,244,772,2885
-,799,44,2886
+,244,799,2887
+,772,44,2888
-,558,111,2889
-,904,675,2890
+,558,904,2891
+,111,675,2892
-,716,155,2893
-,383,30,2894
+,716,383,2895
+,155,30,2896
-,572,9,2897
-,942,492,2898
+,572,942,2899
+,9,492,2900
-,620,349,2901
-,281,263,2902
+,620,281,2903
+,349,263,2904
-,486,628,2905
-,567,601,2906
+,486,567,2907
+,628,601,2908
-,541,254,2909
-,489,487,2910
+,541,489,2911
+,254,487,2912
-,358,78,2913
-,269,363,2914
+,358,269,2915
+,78,363,2916
-,476,629,2917
-,444,415,2918
+,476,444,2919
+,629,415,2920
-,544,776,2921
-,302,464,2922
+,544,302,2923
+,776,464,2924
-,556,240,2925
-,892,749,2926
+,556,892,2927
+,240,749,2928
-,18,499,2929
-,490,644,2930
+,18,490,2931
+,499,644,2932
-,13,616,2933
-,424,967,2934
+,13,424,2935
+,616,967,2936
-,761,147,2937
-,974,705,2938
+,761,974,2939
+,147,705,2940
-,726,767,2941
-,335,299,2942
+,726,335,2943
+,767,299,2944
-,512,47,2945
-,338,508,2946
+,512,338,2947
+,47,508,2948
-,315,255,2949
-,945,382,2950
+,315,945,2951
+,255,382,2952
-,561,902,2953
-,358,269,2954
+,561,358,2955
+,902,269,2956
-,155,30,2957
-,641,16,2958
+,155,641,2959
+,30,16,2960
-,502,813,2961
-,497,276,2962
+,502,497,2963
+,813,276,2964
-,633,954,2965
-,679,469,2966
+,633,679,2967
+,954,469,2968
-,20,844,2969
-,953,552,2970
+,20,953,2971
+,844,552,2972
-,380,285,2973
-,929,177,2974
+,380,929,2975
+,285,177,2976
-,541,489,2977
-,682,826,2978
+,541,682,2979
+,489,826,2980
-,973,175,2981
-,927,256,2982
+,973,927,2983
+,175,256,2984
-,917,830,2985
-,677,201,2986
+,917,677,2987
+,830,201,2988
-,175,256,2989
-,580,41,2990
+,175,580,2991
+,256,41,2992
-,295,485,2993
-,174,202,2994
+,295,174,2995
+,485,202,2996
-,441,571,2997
-,410,754,2998
+,441,410,2999
+,571,754,3000
-,64,291,3001
-,368,208,3002
+,64,368,3003
+,291,208,3004
-,198,655,3005
-,306,351,3006
+,198,306,3007
+,655,351,3008
-,577,188,3009
-,15,801,3010
+,577,15,3011
+,188,801,3012
-,884,268,3013
-,337,506,3014
+,884,337,3015
+,268,506,3016
-,156,10,3017
-,336,307,3018
+,156,336,3019
+,10,307,3020
-,590,331,3021
-,854,272,3022
+,590,854,3023
+,331,272,3024
-,744,867,3025
-,684,665,3026
+,744,684,3027
+,867,665,3028
-,917,677,3029
-,583,555,3030
+,917,583,3031
+,677,555,3032
-,295,174,3033
-,889,8,3034
+,295,889,3035
+,174,8,3036
-,512,338,3037
-,416,731,3038
+,512,416,3039
+,338,731,3040
-,965,582,3041
-,637,246,3042
+,965,637,3043
+,582,246,3044
-,334,105,3045
-,848,19,3046
+,334,848,3047
+,105,19,3048
-,622,820,3049
-,677,555,3050
+,622,677,3051
+,820,555,3052
-,719,708,3053
-,341,596,3054
+,719,341,3055
+,708,596,3056
-,153,326,3057
-,240,749,3058
+,153,240,3059
+,326,749,3060
-,707,538,3061
-,709,662,3062
+,707,709,3063
+,538,662,3064
-,485,202,3065
-,493,312,3066
+,485,493,3067
+,202,312,3068
-,954,469,3069
-,898,360,3070
+,954,898,3071
+,469,360,3072
-,994,882,3073
-,278,280,3074
+,994,278,3075
+,882,280,3076
-,984,758,3077
-,468,653,3078
+,984,468,3079
+,758,653,3080
-,869,310,3081
-,519,82,3082
+,869,519,3083
+,310,82,3084
-,367,971,3085
-,944,727,3086
+,367,944,3087
+,971,727,3088
-,499,644,3089
-,708,596,3090
+,499,708,3091
+,644,596,3092
-,47,508,3093
-,445,402,3094
+,47,445,3095
+,508,402,3096
-,182,104,3097
-,562,470,3098
+,182,562,3099
+,104,470,3100
-,25,574,3101
-,482,222,3102
+,25,482,3103
+,574,222,3104
-,912,340,3105
-,433,936,3106
+,912,433,3107
+,340,936,3108
-,74,573,3109
-,772,44,3110
+,74,772,3111
+,573,44,3112
-,668,833,3113
-,687,195,3114
+,668,687,3115
+,833,195,3116
-,189,765,3117
-,432,836,3118
+,189,432,3119
+,765,836,3120
-,921,279,3121
-,373,144,3122
+,921,373,3123
+,279,144,3124
-,342,864,3125
-,245,214,3126
+,342,245,3127
+,864,214,3128
-,88,689,3129
-,681,883,3130
+,88,681,3131
+,689,883,3132
-,504,185,3133
-,26,825,3134
+,504,26,3135
+,185,825,3136
-,557,461,3137
-,256,41,3138
+,557,256,3139
+,461,41,3140
-,162,876,3141
-,798,478,3142
+,162,798,3143
+,876,478,3144
-,180,860,3145
-,112,345,3146
+,180,112,3147
+,860,345,3148
-,896,140,3149
-,648,38,3150
+,896,648,3151
+,140,38,3152
-,980,802,3153
-,319,173,3154
+,980,319,3155
+,802,173,3156
-,773,586,3157
-,244,799,3158
+,773,244,3159
+,586,799,3160
-,746,526,3161
-,663,901,3162
+,746,663,3163
+,526,901,3164
-,706,941,3165
-,958,593,3166
+,706,958,3167
+,941,593,3168
-,818,296,3169
-,627,907,3170
+,818,627,3171
+,296,907,3172
-,610,592,3173
-,400,630,3174
+,610,400,3175
+,592,630,3176
-,577,15,3177
-,340,936,3178
+,577,340,3179
+,15,936,3180
-,984,468,3181
-,668,687,3182
+,984,668,3183
+,468,687,3184
-,39,696,3185
-,31,259,3186
+,39,31,3187
+,696,259,3188
-,599,107,3189
-,886,85,3190
+,599,886,3191
+,107,85,3192
-,973,927,3193
-,25,482,3194
+,973,25,3195
+,927,482,3196
-,858,365,3197
-,855,454,3198
+,858,855,3199
+,365,454,3200
-,68,258,3201
-,921,373,3202
+,68,921,3203
+,258,373,3204
-,607,903,3205
-,852,811,3206
+,607,852,3207
+,903,811,3208
-,516,137,3209
-,83,158,3210
+,516,83,3211
+,137,158,3212
-,441,410,3213
-,713,683,3214
+,441,713,3215
+,410,683,3216
-,877,42,3217
-,321,747,3218
+,877,321,3219
+,42,747,3220
-,439,742,3221
-,574,222,3222
+,439,574,3223
+,742,222,3224
-,896,648,3225
-,94,421,3226
+,896,94,3227
+,648,421,3228
-,87,292,3229
-,693,951,3230
+,87,693,3231
+,292,951,3232
-,934,650,3233
-,127,658,3234
+,934,127,3235
+,650,658,3236
-,70,308,3237
-,139,92,3238
+,70,139,3239
+,308,92,3240
-,295,889,3241
-,697,414,3242
+,295,697,3243
+,889,414,3244
-,818,627,3245
-,889,414,3246
+,818,889,3247
+,627,414,3248
-,553,605,3249
-,860,345,3250
+,553,860,3251
+,605,345,3252
-,396,769,3253
-,578,784,3254
+,396,578,3255
+,769,784,3256
-,393,993,3257
-,72,878,3258
+,393,72,3259
+,993,878,3260
-,715,242,3261
-,571,754,3262
+,715,571,3263
+,242,754,3264
-,884,337,3265
-,733,638,3266
+,884,733,3267
+,337,638,3268
-,232,374,3269
-,210,498,3270
+,232,210,3271
+,374,498,3272
-,248,734,3273
-,326,749,3274
+,248,326,3275
+,734,749,3276
-,755,159,3277
-,343,785,3278
+,755,343,3279
+,159,785,3280
-,900,978,3281
-,639,298,3282
+,900,639,3283
+,978,298,3284
-,726,335,3285
-,640,472,3286
+,726,640,3287
+,335,472,3288
-,3,938,3289
-,227,922,3290
+,3,227,3291
+,938,922,3292
-,310,82,3293
-,692,576,3294
+,310,692,3295
+,82,576,3296
-,814,100,3297
-,605,345,3298
+,814,605,3299
+,100,345,3300
-,465,730,3301
-,765,836,3302
+,465,765,3303
+,730,836,3304
-,275,585,3305
-,795,740,3306
+,275,795,3307
+,585,740,3308
-,830,201,3309
-,79,243,3310
+,830,79,3311
+,201,243,3312
-,738,388,3313
-,42,747,3314
+,738,42,3315
+,388,747,3316
-,999,407,3317
-,335,472,3318
+,999,335,3319
+,407,472,3320
-,664,918,3321
-,622,677,3322
+,664,622,3323
+,918,677,3324
-,565,509,3325
-,198,306,3326
+,565,198,3327
+,509,306,3328
-,657,475,3329
-,743,560,3330
+,657,743,3331
+,475,560,3332
-,459,226,3333
-,526,901,3334
+,459,526,3335
+,226,901,3336
-,782,960,3337
-,664,622,3338
+,782,664,3339
+,960,622,3340
-,95,344,3341
-,899,460,3342
+,95,899,3343
+,344,460,3344
-,585,740,3345
-,205,736,3346
+,585,205,3347
+,740,736,3348
-,960,622,3349
-,573,44,3350
+,960,573,3351
+,622,44,3352
-,897,789,3353
-,867,665,3354
+,897,867,3355
+,789,665,3356
-,342,245,3357
-,616,967,3358
+,342,616,3359
+,245,967,3360
-,451,429,3361
-,258,373,3362
+,451,258,3363
+,429,373,3364
-,274,125,3365
-,34,270,3366
+,274,34,3367
+,125,270,3368
-,648,421,3369
-,760,167,3370
+,648,760,3371
+,421,167,3372
-,111,675,3373
-,357,355,3374
+,111,357,3375
+,675,355,3376
-,250,996,3377
-,68,921,3378
+,250,68,3379
+,996,921,3380
-,876,478,3381
-,788,660,3382
+,876,788,3383
+,478,660,3384
-,64,368,3385
-,159,785,3386
+,64,159,3387
+,368,785,3388
-,609,957,3389
-,225,634,3390
+,609,225,3391
+,957,634,3392
-,303,80,3393
-,719,341,3394
+,303,719,3395
+,80,341,3396
-,245,967,3397
-,711,23,3398
+,245,711,3399
+,967,23,3400
-,502,497,3401
-,972,570,3402
+,502,972,3403
+,497,570,3404
-,817,598,3405
-,920,404,3406
+,817,920,3407
+,598,404,3408
-,586,799,3409
-,325,211,3410
+,586,325,3411
+,799,211,3412
-,839,50,3413
-,374,498,3414
+,839,374,3415
+,50,498,3416
-,39,31,3417
-,753,14,3418
+,39,753,3419
+,31,14,3420
-,78,363,3421
-,704,354,3422
+,78,704,3423
+,363,354,3424
-,310,692,3425
-,849,7,3426
+,310,849,3427
+,692,7,3428
-,49,356,3429
-,371,63,3430
+,49,371,3431
+,356,63,3432
-,837,777,3433
-,524,481,3434
+,837,524,3435
+,777,481,3436
-,367,944,3437
-,858,855,3438
+,367,858,3439
+,944,855,3440
-,300,661,3441
-,764,48,3442
+,300,764,3443
+,661,48,3444
-,636,550,3445
-,130,170,3446
+,636,130,3447
+,550,170,3448
-,508,402,3449
-,756,420,3450
+,508,756,3451
+,402,420,3452
-,833,195,3453
-,417,411,3454
+,833,417,3455
+,195,411,3456
-,189,432,3457
-,954,898,3458
+,189,954,3459
+,432,898,3460
-,367,858,3461
-,629,415,3462
+,367,629,3463
+,858,415,3464
-,843,597,3465
-,804,510,3466
+,843,804,3467
+,597,510,3468
-,973,25,3469
-,674,827,3470
+,973,674,3471
+,25,827,3472
-,71,989,3473
-,265,186,3474
+,71,265,3475
+,989,186,3476
-,465,765,3477
-,494,879,3478
+,465,494,3479
+,765,879,3480
-,859,846,3481
-,194,842,3482
+,859,194,3483
+,846,842,3484
-,104,470,3485
-,389,992,3486
+,104,389,3487
+,470,992,3488
-,622,44,3489
-,872,981,3490
+,622,872,3491
+,44,981,3492
-,610,400,3493
-,449,750,3494
+,610,449,3495
+,400,750,3496
-,769,784,3497
-,505,36,3498
+,769,505,3499
+,784,36,3500
-,926,783,3501
-,621,40,3502
+,926,621,3503
+,783,40,3504
-,46,626,3505
-,993,878,3506
+,46,993,3507
+,626,878,3508
-,15,936,3509
-,944,855,3510
+,15,944,3511
+,936,855,3512
-,794,330,3513
-,507,301,3514
+,794,507,3515
+,330,301,3516
-,846,842,3517
-,784,36,3518
+,846,784,3519
+,842,36,3520
-,902,269,3521
-,304,540,3522
+,902,304,3523
+,269,540,3524
-,794,507,3525
-,451,258,3526
+,794,451,3527
+,507,258,3528
-,468,687,3529
-,866,339,3530
+,468,866,3531
+,687,339,3532
-,987,428,3533
-,903,811,3534
+,987,903,3535
+,428,811,3536
-,380,929,3537
-,333,141,3538
+,380,333,3539
+,929,141,3540
-,863,282,3541
-,215,535,3542
+,863,215,3543
+,282,535,3544
-,558,904,3545
-,403,477,3546
+,558,403,3547
+,904,477,3548
-,742,222,3549
-,789,665,3550
+,742,789,3551
+,222,665,3552
-,55,384,3553
-,904,477,3554
+,55,904,3555
+,384,477,3556
-,823,66,3557
-,250,68,3558
+,823,250,3559
+,66,68,3560
-,703,426,3561
-,994,278,3562
+,703,994,3563
+,426,278,3564
-,132,919,3565
-,589,165,3566
+,132,589,3567
+,919,165,3568
-,459,526,3569
-,786,21,3570
+,459,786,3571
+,526,21,3572
-,111,357,3573
-,394,320,3574
+,111,394,3575
+,357,320,3576
-,770,988,3577
-,952,712,3578
+,770,952,3579
+,988,712,3580
-,577,340,3581
-,70,139,3582
+,577,70,3583
+,340,139,3584
-,314,717,3585
-,441,713,3586
+,314,441,3587
+,717,713,3588
-,770,952,3589
-,843,804,3590
+,770,843,3591
+,952,804,3592
-,781,110,3593
-,847,149,3594
+,781,847,3595
+,110,149,3596
-,201,243,3597
-,928,588,3598
+,201,928,3599
+,243,588,3600
-,844,552,3601
-,434,187,3602
+,844,434,3603
+,552,187,3604
-,282,535,3605
-,940,871,3606
+,282,940,3607
+,535,871,3608
-,511,916,3609
-,104,389,3610
+,511,104,3611
+,916,389,3612
-,982,816,3613
-,82,576,3614
+,982,82,3615
+,816,576,3616
-,103,579,3617
-,687,339,3618
+,103,687,3619
+,579,339,3620
-,51,983,3621
-,189,954,3622
+,51,189,3623
+,983,954,3624
-,260,649,3625
-,794,451,3626
+,260,794,3627
+,649,451,3628
-,100,345,3629
-,721,77,3630
+,100,721,3631
+,345,77,3632
-,814,605,3633
-,463,673,3634
+,814,463,3635
+,605,673,3636
-,461,41,3637
-,982,82,3638
+,461,982,3639
+,41,82,3640
-,501,815,3641
-,209,977,3642
+,501,209,3643
+,815,977,3644
-,364,797,3645
-,12,455,3646
+,364,12,3647
+,797,455,3648
-,590,854,3649
-,876,788,3650
+,590,876,3651
+,854,788,3652
-,864,214,3653
-,918,677,3654
+,864,918,3655
+,214,677,3656
-,965,637,3657
-,869,519,3658
+,965,869,3659
+,637,519,3660
-,219,123,3661
-,268,506,3662
+,219,268,3663
+,123,506,3664
-,121,423,3665
-,602,106,3666
+,121,602,3667
+,423,106,3668
-,988,712,3669
-,845,266,3670
+,988,845,3671
+,712,266,3672
-,111,394,3673
-,552,187,3674
+,111,552,3675
+,394,187,3676
-,230,741,3677
-,924,581,3678
+,230,924,3679
+,741,581,3680
-,539,909,3681
-,877,321,3682
+,539,877,3683
+,909,321,3684
-,766,221,3685
-,592,630,3686
+,766,592,3687
+,221,630,3688
-,180,112,3689
-,131,819,3690
+,180,131,3691
+,112,819,3692
-,405,796,3693
-,897,867,3694
+,405,897,3695
+,796,867,3696
-,888,625,3697
-,955,806,3698
+,888,955,3699
+,625,806,3700
-,394,187,3701
-,960,573,3702
+,394,960,3703
+,187,573,3704
-,712,266,3705
-,87,693,3706
+,712,87,3707
+,266,693,3708
-,809,998,3709
-,188,801,3710
+,809,188,3711
+,998,801,3712
-,761,974,3713
-,513,887,3714
+,761,513,3715
+,974,887,3716
-,187,573,3717
-,221,630,3718
+,187,221,3719
+,573,630,3720
-,405,897,3721
-,946,172,3722
+,405,946,3723
+,897,172,3724
-,44,981,3725
-,50,498,3726
+,44,50,3727
+,981,498,3728
-,419,350,3729
-,17,2,3730
+,419,17,3731
+,350,2,3732
-,863,215,3733
-,573,630,3734
+,863,573,3735
+,215,630,3736
-,685,728,3737
-,191,22,3738
+,685,191,3739
+,728,22,3740
-,338,731,3741
-,388,747,3742
+,338,388,3743
+,731,747,3744
-,985,985,3745
-,839,374,3746
+,985,839,3747
+,985,374,3748
-,931,923,3749
-,45,964,3750
+,931,45,3751
+,923,964,3752
-,802,173,3753
-,774,362,3754
+,802,774,3755
+,173,362,3756
-,838,228,3757
-,296,907,3758
+,838,296,3759
+,228,907,3760
-,659,329,3761
-,902,304,3762
+,659,902,3763
+,329,304,3764
-,356,63,3765
-,618,273,3766
+,356,618,3767
+,63,273,3768
-,696,259,3769
-,605,673,3770
+,696,605,3771
+,259,673,3772
-,646,184,3773
-,979,612,3774
+,646,979,3775
+,184,612,3776
-,190,203,3777
-,206,152,3778
+,190,206,3779
+,203,152,3780
-,74,772,3781
-,427,171,3782
+,74,427,3783
+,772,171,3784
-,461,982,3785
-,978,298,3786
+,461,978,3787
+,982,298,3788
-,694,54,3789
-,874,236,3790
+,694,874,3791
+,54,236,3792
-,694,874,3793
-,981,498,3794
+,694,981,3795
+,874,498,3796
-,330,301,3797
-,957,634,3798
+,330,957,3799
+,301,634,3800
-,365,454,3801
-,549,723,3802
+,365,549,3803
+,454,723,3804
-,830,79,3805
-,534,218,3806
+,830,534,3807
+,79,218,3808
-,310,849,3809
-,259,673,3810
+,310,259,3811
+,849,673,3812
-,536,33,3813
-,410,683,3814
+,536,410,3815
+,33,683,3816
-,991,832,3817
-,800,168,3818
+,991,800,3819
+,832,168,3820
-,310,259,3821
-,380,333,3822
+,310,380,3823
+,259,333,3824
-,831,311,3825
-,356,618,3826
+,831,356,3827
+,311,618,3828
-,913,353,3829
-,691,792,3830
+,913,691,3831
+,353,792,3832
-,124,473,3833
-,401,935,3834
+,124,401,3835
+,473,935,3836
-,115,678,3837
-,706,958,3838
+,115,706,3839
+,678,958,3840
-,44,50,3841
-,769,505,3842
+,44,769,3843
+,50,505,3844
-,799,211,3845
-,861,220,3846
+,799,861,3847
+,211,220,3848
-,858,415,3849
-,726,640,3850
+,858,726,3851
+,415,640,3852
-,432,898,3853
-,870,822,3854
+,432,870,3855
+,898,822,3856
-,631,294,3857
-,775,575,3858
+,631,775,3859
+,294,575,3860
-,499,708,3861
-,909,321,3862
+,499,909,3863
+,708,321,3864
-,350,2,3865
-,931,45,3866
+,350,931,3867
+,2,45,3868
-,620,281,3869
-,807,688,3870
+,620,807,3871
+,281,688,3872
-,969,614,3873
-,971,727,3874
+,969,971,3875
+,614,727,3876
-,962,885,3877
-,342,616,3878
+,962,342,3879
+,885,616,3880
-,949,113,3881
-,440,606,3882
+,949,440,3883
+,113,606,3884
-,701,213,3885
-,930,346,3886
+,701,930,3887
+,213,346,3888
-,831,356,3889
-,963,546,3890
+,831,963,3891
+,356,546,3892
-,859,194,3893
-,609,225,3894
+,859,609,3895
+,194,225,3896
-,670,739,3897
-,582,246,3898
+,670,582,3899
+,739,246,3900
-,734,749,3901
-,407,472,3902
+,734,407,3903
+,749,472,3904
-,219,268,3905
-,919,165,3906
+,219,919,3907
+,268,165,3908
-,425,247,3909
-,740,736,3910
+,425,740,3911
+,247,736,3912
-,340,139,3913
-,173,362,3914
+,340,173,3915
+,139,362,3916
-,295,697,3917
-,778,724,3918
+,295,778,3919
+,697,724,3920
-,412,563,3921
-,633,679,3922
+,412,633,3923
+,563,679,3924
-,586,325,3925
-,715,571,3926
+,586,715,3927
+,325,571,3928
-,516,83,3929
-,136,204,3930
+,516,136,3931
+,83,204,3932
-,328,257,3933
-,523,850,3934
+,328,523,3935
+,257,850,3936
-,790,751,3937
-,626,878,3938
+,790,626,3939
+,751,878,3940
-,986,418,3941
-,544,302,3942
+,986,544,3943
+,418,302,3944
-,344,460,3945
-,305,569,3946
+,344,305,3947
+,460,569,3948
-,746,663,3949
-,577,70,3950
+,746,577,3951
+,663,70,3952
-,948,521,3953
-,844,434,3954
+,948,844,3955
+,521,434,3956
-,435,37,3957
-,731,747,3958
+,435,731,3959
+,37,747,3960
-,718,551,3961
-,888,955,3962
+,718,888,3963
+,551,955,3964
-,984,668,3965
-,353,792,3966
+,984,353,3967
+,668,792,3968
-,980,319,3969
-,834,98,3970
+,980,834,3971
+,319,98,3972
-,422,483,3973
-,471,518,3974
+,422,471,3975
+,483,518,3976
-,412,633,3977
-,408,457,3978
+,412,408,3979
+,633,457,3980
-,122,199,3981
-,197,154,3982
+,122,197,3983
+,199,154,3984
-,194,225,3985
-,949,440,3986
+,194,949,3987
+,225,440,3988
-,988,845,3989
-,783,40,3990
+,988,783,3991
+,845,40,3992
-,590,876,3993
-,37,747,3994
+,590,37,3995
+,876,747,3996
-,900,639,3997
-,301,634,3998
+,900,301,3999
+,639,634,4000
-,56,157,4001
-,644,596,4002
+,56,644,4003
+,157,596,4004
-,511,104,4005
-,773,244,4006
+,511,773,4007
+,104,244,4008
-,115,706,4009
-,295,778,4010
+,115,295,4011
+,706,778,4012
-,551,955,4013
-,337,638,4014
+,551,337,4015
+,955,638,4016
-,184,612,4017
-,157,596,4018
+,184,157,4019
+,612,596,4020
-,748,397,4021
-,51,189,4022
+,748,51,4023
+,397,189,4024
-,309,437,4025
-,980,834,4026
+,309,980,4027
+,437,834,4028
-,676,352,4029
-,228,907,4030
+,676,228,4031
+,352,907,4032
-,64,159,4033
-,473,935,4034
+,64,473,4035
+,159,935,4036
-,352,907,4037
-,214,677,4038
+,352,214,4039
+,907,677,4040
-,261,600,4041
-,832,168,4042
+,261,832,4043
+,600,168,4044
-,47,445,4045
-,956,700,4046
+,47,956,4047
+,445,700,4048
-,3,227,4049
-,257,850,4050
+,3,257,4051
+,227,850,4052
-,478,660,4053
-,132,589,4054
+,478,132,4055
+,660,589,4056
-,201,928,4057
-,184,157,4058
+,201,184,4059
+,928,157,4060
-,759,654,4061
-,781,847,4062
+,759,781,4063
+,654,847,4064
-,461,978,4065
-,283,466,4066
+,461,283,4067
+,978,466,4068
-,623,881,4069
-,515,143,4070
+,623,515,4071
+,881,143,4072
-,363,354,4073
-,645,286,4074
+,363,645,4075
+,354,286,4076
-,732,821,4077
-,223,200,4078
+,732,223,4079
+,821,200,4080
-,584,436,4081
-,447,233,4082
+,584,447,4083
+,436,233,4084
-,706,778,4085
-,29,129,4086
+,706,29,4087
+,778,129,4088
-,325,571,4089
-,169,925,4090
+,325,169,4091
+,571,925,4092
-,787,532,4093
-,190,206,4094
+,787,190,4095
+,532,206,4096
-,182,562,4097
-,484,96,4098
+,182,484,4099
+,562,96,4100
-,718,888,4101
-,239,27,4102
+,718,239,4103
+,888,27,4104
-,47,956,4105
-,842,36,4106
+,47,842,4107
+,956,36,4108
-,9,492,4109
-,675,355,4110
+,9,675,4111
+,492,355,4112
-,600,168,4113
-,500,997,4114
+,600,500,4115
+,168,997,4116
-,232,210,4117
-,830,534,4118
+,232,830,4119
+,210,534,4120
-,829,810,4121
-,10,307,4122
+,829,10,4123
+,810,307,4124
-,708,321,4125
-,686,841,4126
+,708,686,4127
+,321,841,4128
-,538,662,4129
-,982,298,4130
+,538,982,4131
+,662,298,4132
-,604,690,4133
-,955,638,4134
+,604,955,4135
+,690,638,4136
-,345,77,4137
-,6,491,4138
+,345,6,4139
+,77,491,4140
-,729,890,4141
-,425,740,4142
+,729,425,4143
+,890,740,4144
-,541,682,4145
-,669,976,4146
+,541,669,4147
+,682,976,4148
-,821,200,4149
-,947,134,4150
+,821,947,4151
+,200,134,4152
-,59,390,4153
-,235,212,4154
+,59,235,4155
+,390,212,4156
-,478,132,4157
-,13,424,4158
+,478,13,4159
+,132,424,4160
-,927,482,4161
-,619,752,4162
+,927,619,4163
+,482,752,4164
-,84,840,4165
-,321,841,4166
+,84,321,4167
+,840,841,4168
-,114,196,4169
-,913,691,4170
+,114,913,4171
+,196,691,4172
-,432,870,4173
-,802,774,4174
+,432,802,4175
+,870,774,4176
-,856,642,4177
-,437,834,4178
+,856,437,4179
+,642,834,4180
-,586,715,4181
-,815,977,4182
+,586,815,4183
+,715,977,4184
-,419,17,4185
-,934,127,4186
+,419,934,4187
+,17,127,4188
-,662,298,4189
-,914,431,4190
+,662,914,4191
+,298,431,4192
-,845,40,4193
-,537,442,4194
+,845,537,4195
+,40,442,4196
-,330,957,4197
-,30,16,4198
+,330,30,4199
+,957,16,4200
-,623,515,4201
-,692,7,4202
+,623,692,4203
+,515,7,4204
-,155,641,4205
-,637,519,4206
+,155,637,4207
+,641,519,4208
-,260,794,4209
-,541,669,4210
+,260,541,4211
+,794,669,4212
-,648,760,4213
-,364,12,4214
+,648,364,4215
+,760,12,4216
-,620,807,4217
-,483,518,4218
+,620,483,4219
+,807,518,4220
-,200,134,4221
-,656,332,4222
+,200,656,4223
+,134,332,4224
-,809,188,4225
-,717,713,4226
+,809,717,4227
+,188,713,4228
-,936,855,4229
-,682,976,4230
+,936,682,4231
+,855,976,4232
-,667,446,4233
-,217,720,4234
+,667,217,4235
+,446,720,4236
-,610,449,4237
-,651,448,4238
+,610,651,4239
+,449,448,4240
-,959,379,4241
-,396,578,4242
+,959,396,4243
+,379,578,4244
-,939,891,4245
-,115,295,4246
+,939,115,4247
+,891,295,4248
-,303,719,4249
-,122,197,4250
+,303,122,4251
+,719,197,4252
-,759,781,4253
-,32,322,4254
+,759,32,4255
+,781,322,4256
-,767,299,4257
-,288,43,4258
+,767,288,4259
+,299,43,4260
-,182,484,4261
-,516,136,4262
+,182,516,4263
+,484,136,4264
-,911,496,4265
-,722,554,4266
+,911,722,4267
+,496,554,4268
-,468,866,4269
-,90,615,4270
+,468,90,4271
+,866,615,4272
-,126,75,4273
-,377,361,4274
+,126,377,4275
+,75,361,4276
-,746,577,4277
-,858,726,4278
+,746,858,4279
+,577,726,4280
-,962,342,4281
-,110,149,4282
+,962,110,4283
+,342,149,4284
-,627,414,4285
-,532,206,4286
+,627,532,4287
+,414,206,4288
-,439,574,4289
-,703,994,4290
+,439,703,4291
+,574,994,4292
-,460,569,4293
-,967,23,4294
+,460,967,4295
+,569,23,4296
-,859,609,4297
-,586,815,4298
+,859,586,4299
+,609,815,4300
-,399,108,4301
-,128,430,4302
+,399,128,4303
+,108,430,4304
-,120,647,4305
-,739,246,4306
+,120,739,4307
+,647,246,4308
-,330,30,4309
-,952,804,4310
+,330,952,4311
+,30,804,4312
-,479,975,4313
-,973,674,4314
+,479,973,4315
+,975,674,4316
-,535,871,4317
-,187,221,4318
+,535,187,4319
+,871,221,4320
-,678,958,4321
-,859,586,4322
+,678,859,4323
+,958,586,4324
-,882,280,4325
-,604,955,4326
+,882,604,4327
+,280,955,4328
-,880,453,4329
-,18,490,4330
+,880,18,4331
+,453,490,4332
-,661,48,4333
-,646,979,4334
+,661,646,4335
+,48,979,4336
-,330,952,4337
-,522,369,4338
+,330,522,4339
+,952,369,4340
-,436,233,4341
-,259,333,4342
+,436,259,4343
+,233,333,4344
-,959,396,4345
-,697,724,4346
+,959,697,4347
+,396,724,4348
-,873,793,4349
-,196,691,4350
+,873,196,4351
+,793,691,4352
-,422,471,4353
-,319,98,4354
+,422,319,4355
+,471,98,4356
-,504,26,4357
-,357,320,4358
+,504,357,4359
+,26,320,4360
-,476,444,4361
-,888,27,4362
+,476,888,4363
+,444,27,4364
-,88,681,4365
-,314,441,4366
+,88,314,4367
+,681,441,4368
-,799,861,4369
-,672,1,4370
+,799,672,4371
+,861,1,4372
-,725,318,4373
-,446,720,4374
+,725,446,4375
+,318,720,4376
-,261,832,4377
-,897,172,4378
+,261,897,4379
+,832,172,4380
-,894,58,4381
-,111,552,4382
+,894,111,4383
+,58,552,4384
-,725,446,4385
-,185,825,4386
+,725,185,4387
+,446,825,4388
-,232,830,4389
-,211,220,4390
+,232,211,4391
+,830,220,4392
-,856,437,4393
-,75,361,4394
+,856,75,4395
+,437,361,4396
-,782,664,4397
-,568,284,4398
+,782,568,4399
+,664,284,4400
-,201,184,4401
-,309,980,4402
+,201,309,4403
+,184,980,4404
-,512,416,4405
-,559,413,4406
+,512,559,4407
+,416,413,4408
-,475,560,4409
-,31,14,4410
+,475,31,4411
+,560,14,4412
-,132,424,4413
-,104,244,4414
+,132,104,4415
+,424,244,4416
-,928,157,4417
-,422,319,4418
+,928,422,4419
+,157,319,4420
-,536,410,4421
-,15,944,4422
+,536,15,4423
+,410,944,4424
-,66,68,4425
-,508,756,4426
+,66,508,4427
+,68,756,4428
-,625,806,4429
-,778,129,4430
+,625,778,4431
+,806,129,4432
-,598,404,4433
-,911,722,4434
+,598,911,4435
+,404,722,4436
-,81,179,4437
-,174,8,4438
+,81,174,4439
+,179,8,4440
-,178,151,4441
-,59,235,4442
+,178,59,4443
+,151,235,4444
-,391,241,4445
-,370,224,4446
+,391,370,4447
+,241,224,4448
-,108,430,4449
-,71,265,4450
+,108,71,4451
+,430,265,4452
-,64,473,4453
-,607,852,4454
+,64,607,4455
+,473,852,4456
-,237,163,4457
-,989,186,4458
+,237,989,4459
+,163,186,4460
-,416,413,4461
-,937,386,4462
+,416,937,4463
+,413,386,4464
-,624,803,4465
-,274,34,4466
+,624,274,4467
+,803,34,4468
-,749,472,4469
-,628,601,4470
+,749,628,4471
+,472,601,4472
-,430,265,4473
-,489,826,4474
+,430,489,4475
+,265,826,4476
-,168,997,4477
-,956,36,4478
+,168,956,4479
+,997,36,4480
-,368,785,4481
-,538,982,4482
+,368,538,4483
+,785,982,4484
-,884,733,4485
-,667,217,4486
+,884,667,4487
+,733,217,4488
-,551,337,4489
-,614,727,4490
+,551,614,4491
+,337,727,4492
-,279,144,4493
-,91,372,4494
+,279,91,4495
+,144,372,4496
-,906,406,4497
-,813,276,4498
+,906,813,4499
+,406,276,4500
-,249,317,4501
-,849,673,4502
+,249,849,4503
+,317,673,4504
-,400,750,4505
-,511,773,4506
+,400,511,4507
+,750,773,4508
-,231,52,4509
-,219,919,4510
+,231,219,4511
+,52,919,4512
-,564,271,4513
-,105,19,4514
+,564,105,4515
+,271,19,4516
-,496,554,4517
-,760,12,4518
+,496,760,4519
+,554,12,4520
-,394,960,4521
-,264,908,4522
+,394,264,4523
+,960,908,4524
-,316,252,4525
-,52,919,4526
+,316,52,4527
+,252,919,4528
-,327,176,4529
-,818,889,4530
+,327,818,4531
+,176,889,4532
-,895,287,4533
-,985,839,4534
+,895,985,4535
+,287,839,4536
-,943,135,4537
-,670,582,4538
+,943,670,4539
+,135,582,4540
-,460,967,4541
-,26,320,4542
+,460,26,4543
+,967,320,4544
-,387,547,4545
-,766,592,4546
+,387,766,4547
+,547,592,4548
-,733,217,4549
-,938,922,4550
+,733,938,4551
+,217,922,4552
-,376,119,4553
-,734,407,4554
+,376,734,4555
+,119,407,4556
-,95,899,4557
-,641,519,4558
+,95,641,4559
+,899,519,4560
-,445,700,4561
-,556,892,4562
+,445,556,4563
+,700,892,4564
-,0,608,4565
-,121,602,4566
+,0,121,4567
+,608,602,4568
-,157,319,4569
-,497,570,4570
+,157,497,4571
+,319,570,4572
-,499,909,4573
-,134,332,4574
+,499,134,4575
+,909,332,4576
-,690,638,4577
-,558,403,4578
+,690,558,4579
+,638,403,4580
-,139,362,4581
-,700,892,4582
+,139,700,4583
+,362,892,4584
-,751,878,4585
-,732,223,4586
+,751,732,4587
+,878,223,4588
-,866,615,4589
-,279,91,4590
+,866,279,4591
+,615,91,4592
-,550,170,4593
-,445,556,4594
+,550,445,4595
+,170,556,4596
-,657,743,4597
-,502,972,4598
+,657,502,4599
+,743,972,4600
-,737,60,4601
-,255,382,4602
+,737,255,4603
+,60,382,4604
-,984,353,4605
-,282,940,4606
+,984,282,4607
+,353,940,4608
-,574,994,4609
-,132,104,4610
+,574,132,4611
+,994,104,4612
-,690,558,4613
-,201,309,4614
+,690,201,4615
+,558,309,4616
-,639,634,4617
-,779,5,4618
+,639,779,4619
+,634,5,4620
-,163,186,4621
-,558,309,4622
+,163,558,4623
+,186,309,4624
-,620,483,4625
-,572,942,4626
+,620,572,4627
+,483,942,4628
-,368,538,4629
-,79,218,4630
+,368,79,4631
+,538,218,4632
-,716,383,4633
-,398,762,4634
+,716,398,4635
+,383,762,4636
-,631,775,4637
-,119,407,4638
+,631,119,4639
+,775,407,4640
-,243,588,4641
-,248,326,4642
+,243,248,4643
+,588,326,4644
-,60,382,4645
-,44,769,4646
+,60,44,4647
+,382,769,4648
-,20,953,4649
-,200,656,4650
+,20,200,4651
+,953,656,4652
-,49,371,4653
-,163,558,4654
+,49,163,4655
+,371,558,4656
-,35,181,4657
-,215,630,4658
+,35,215,4659
+,181,630,4660
-,790,626,4661
-,318,720,4662
+,790,318,4663
+,626,720,4664
-,781,322,4665
-,35,215,4666
+,781,35,4667
+,322,215,4668
-,566,253,4669
-,659,902,4670
+,566,659,4671
+,253,902,4672
-,745,117,4673
-,199,154,4674
+,745,199,4675
+,117,154,4676
-,890,740,4677
-,473,852,4678
+,890,473,4679
+,740,852,4680
-,144,372,4681
-,413,386,4682
+,144,413,4683
+,372,386,4684
-,47,842,4685
-,162,798,4686
+,47,162,4687
+,842,798,4688
-,781,35,4689
-,297,145,4690
+,781,297,4691
+,35,145,4692
-,823,250,4693
-,495,138,4694
+,823,495,4695
+,250,138,4696
-,881,143,4697
-,698,932,4698
+,881,698,4699
+,143,932,4700
-,699,652,4701
-,340,173,4702
+,699,340,4703
+,652,173,4704
-,554,12,4705
-,184,980,4706
+,554,184,4707
+,12,980,4708
-,213,346,4709
-,58,552,4710
+,213,58,4711
+,346,552,4712
-,999,335,4713
-,952,369,4714
+,999,952,4715
+,335,369,4716
-,100,721,4717
-,68,756,4718
+,100,68,4719
+,721,756,4720
-,539,877,4721
-,991,800,4722
+,539,991,4723
+,877,800,4724
-,961,293,4725
-,957,16,4726
+,961,957,4727
+,293,16,4728
-,195,411,4729
-,281,688,4730
+,195,281,4731
+,411,688,4732
-,787,190,4733
-,613,966,4734
+,787,613,4735
+,190,966,4736
-,348,73,4737
-,863,573,4738
+,348,863,4739
+,73,573,4740
-,194,949,4741
-,186,309,4742
+,194,186,4743
+,949,309,4744
-,474,828,4745
-,917,583,4746
+,474,917,4747
+,828,583,4748
-,317,673,4749
-,584,447,4750
+,317,584,4751
+,673,447,4752
-,435,731,4753
-,987,903,4754
+,435,987,4755
+,731,903,4756
-,155,637,4757
-,492,355,4758
+,155,492,4759
+,637,355,4760
-,299,43,4761
-,399,128,4762
+,299,399,4763
+,43,128,4764
-,547,592,4765
-,241,224,4766
+,547,241,4767
+,592,224,4768
-,539,991,4769
-,780,324,4770
+,539,780,4771
+,991,324,4772
-,350,931,4773
-,371,558,4774
+,350,371,4775
+,931,558,4776
-,231,219,4777
-,714,462,4778
+,231,714,4779
+,219,462,4780
-,528,868,4781
-,414,206,4782
+,528,414,4783
+,868,206,4784
-,807,518,4785
-,459,786,4786
+,807,459,4787
+,518,786,4788
-,600,500,4789
-,376,734,4790
+,600,376,4791
+,500,734,4792
-,80,341,4793
-,103,687,4794
+,80,103,4795
+,341,687,4796
-,781,297,4797
-,743,972,4798
+,781,743,4799
+,297,972,4800
-,882,604,4801
-,393,72,4802
+,882,393,4803
+,604,72,4804
-,479,973,4805
-,638,403,4806
+,479,638,4807
+,973,403,4808
-,315,945,4809
-,452,392,4810
+,315,452,4811
+,945,392,4812
-,770,843,4813
-,916,389,4814
+,770,916,4815
+,843,389,4816
-,426,278,4817
-,168,956,4818
+,426,168,4819
+,278,956,4820
-,375,990,4821
-,761,513,4822
+,375,761,4823
+,990,513,4824
-,335,369,4825
-,35,145,4826
+,335,35,4827
+,369,145,4828
-,550,445,4829
-,467,533,4830
+,550,467,4831
+,445,533,4832
-,782,568,4833
-,579,339,4834
+,782,579,4835
+,568,339,4836
-,385,86,4837
-,995,666,4838
+,385,995,4839
+,86,666,4840
-,884,667,4841
-,112,819,4842
+,884,112,4843
+,667,819,4844
-,137,158,4845
-,367,629,4846
+,137,367,4847
+,158,629,4848
-,548,438,4849
-,799,672,4850
+,548,799,4851
+,438,672,4852
-,365,549,4853
-,484,136,4854
+,365,484,4855
+,549,136,4856
-,280,955,4857
-,636,130,4858
+,280,636,4859
+,955,130,4860
-,689,883,4861
-,515,7,4862
+,689,515,4863
+,883,7,4864
-,604,72,4865
-,266,693,4866
+,604,266,4867
+,72,693,4868
-,694,981,4869
-,757,277,4870
+,694,757,4871
+,981,277,4872
-,610,651,4873
-,475,31,4874
+,610,475,4875
+,651,31,4876
-,271,19,4877
-,758,653,4878
+,271,758,4879
+,19,653,4880
-,114,913,4881
-,742,789,4882
+,114,742,4883
+,913,789,4884
-,316,52,4885
-,913,789,4886
+,316,913,4887
+,52,789,4888
-,910,643,4889
-,504,357,4890
+,910,504,4891
+,643,357,4892
-,608,602,4893
-,359,808,4894
+,608,359,4895
+,602,808,4896
-,65,450,4897
-,56,644,4898
+,65,56,4899
+,450,644,4900
-,884,112,4901
-,915,857,4902
+,884,915,4903
+,112,857,4904
-,97,166,4905
-,830,220,4906
+,97,830,4907
+,166,220,4908
-,591,193,4909
-,64,607,4910
+,591,64,4911
+,193,607,4912
-,379,578,4913
-,969,971,4914
+,379,969,4915
+,578,971,4916
-,960,908,4917
-,17,127,4918
+,960,17,4919
+,908,127,4920
-,291,208,4921
-,667,819,4922
+,291,667,4923
+,208,819,4924
-,262,28,4925
-,539,780,4926
+,262,539,4927
+,28,780,4928
-,520,978,4929
-,476,888,4930
+,520,476,4931
+,978,888,4932
-,344,305,4933
-,542,133,4934
+,344,542,4935
+,305,133,4936
-,342,149,4937
-,745,199,4938
+,342,745,4939
+,149,199,4940
-,435,987,4941
-,856,75,4942
+,435,856,4943
+,987,75,4944
-,81,174,4945
-,803,34,4946
+,81,803,4947
+,174,34,4948
-,268,165,4949
-,531,234,4950
+,268,531,4951
+,165,234,4952
-,507,258,4953
-,63,273,4954
+,507,63,4955
+,258,273,4956
-,348,863,4957
-,161,76,4958
+,348,161,4959
+,863,76,4960
-,923,964,4961
-,999,952,4962
+,923,999,4963
+,964,952,4964
-,563,679,4965
-,571,925,4966
+,563,571,4967
+,679,925,4968
-,929,141,4969
-,833,417,4970
+,929,833,4971
+,141,417,4972
-,470,992,4973
-,328,523,4974
+,470,328,4975
+,992,523,4976
-,974,887,4977
-,790,318,4978
+,974,790,4979
+,887,318,4980
-,203,152,4981
-,877,800,4982
+,203,877,4983
+,152,800,4984
-,880,18,4985
-,60,44,4986
+,880,60,4987
+,18,44,4988
-,471,98,4989
-,231,714,4990
+,471,231,4991
+,98,714,4992
-,851,611,4993
-,153,240,4994
+,851,153,4995
+,611,240,4996
-,737,255,4997
-,383,762,4998
+,737,383,4999
+,255,762,5000
-,174,34,5001
-,24,116,5002
+,174,24,5003
+,34,116,5004
-,429,373,5005
-,845,537,5006
+,429,845,5007
+,373,537,5008
-,816,576,5009
-,325,169,5010
+,816,325,5011
+,576,169,5012
-,49,163,5013
-,67,805,5014
+,49,67,5015
+,163,805,5016
-,335,35,5017
-,627,532,5018
+,335,627,5019
+,35,532,5020
-,486,567,5021
-,874,498,5022
+,486,874,5023
+,567,498,5024
-,933,458,5025
-,423,106,5026
+,933,423,5027
+,458,106,5028
-,117,154,5029
-,352,214,5030
+,117,352,5031
+,154,214,5032
-,615,91,5033
-,255,762,5034
+,615,255,5035
+,91,762,5036
-,258,273,5037
-,633,457,5038
+,258,633,5039
+,273,457,5040
-,563,571,5041
-,884,915,5042
+,563,884,5043
+,571,915,5044
-,123,506,5045
-,785,982,5046
+,123,785,5047
+,506,982,5048
-,964,952,5049
-,458,106,5050
+,964,458,5051
+,952,106,5052
-,648,364,5053
-,740,852,5054
+,648,740,5055
+,364,852,5056
-,866,279,5057
-,868,206,5058
+,866,868,5059
+,279,206,5060
-,828,583,5061
-,154,214,5062
+,828,154,5063
+,583,214,5064
-,147,705,5065
-,870,774,5066
+,147,870,5067
+,705,774,5068
-,126,377,5069
-,590,37,5070
+,126,590,5071
+,377,37,5072
-,964,458,5073
-,107,85,5074
+,964,107,5075
+,458,85,5076
-,496,760,5077
-,449,448,5078
+,496,449,5079
+,760,448,5080
-,245,711,5081
-,763,313,5082
+,245,763,5083
+,711,313,5084
-,960,17,5085
-,458,85,5086
+,960,458,5087
+,17,85,5088
-,577,726,5089
-,876,747,5090
+,577,876,5091
+,726,747,5092
-,74,427,5093
-,152,800,5094
+,74,152,5095
+,427,800,5096
-,583,214,5097
-,843,389,5098
+,583,843,5099
+,214,389,5100
-,341,687,5101
-,412,408,5102
+,341,412,5103
+,687,408,5104
-,941,593,5105
-,273,457,5106
+,941,273,5107
+,593,457,5108
-,648,740,5109
-,791,680,5110
+,648,791,5111
+,740,680,5112
-,878,223,5113
-,394,264,5114
+,878,394,5115
+,223,264,5116
-,391,370,5117
-,657,502,5118
+,391,657,5119
+,370,502,5120
-,488,216,5121
-,65,56,5122
+,488,65,5123
+,216,56,5124
-,247,736,5125
-,395,267,5126
+,247,395,5127
+,736,267,5128
-,83,204,5129
-,479,638,5130
+,83,479,5131
+,204,638,5132
-,214,389,5133
-,233,333,5134
+,214,233,5135
+,389,333,5136
-,608,359,5137
-,831,963,5138
+,608,831,5139
+,359,963,5140
-,126,590,5141
-,689,515,5142
+,126,689,5143
+,590,515,5144
-,782,579,5145
-,496,449,5146
+,782,496,5147
+,579,449,5148
-,662,914,5149
-,362,892,5150
+,662,362,5151
+,914,892,5152
-,460,26,5153
-,777,481,5154
+,460,777,5155
+,26,481,5156
-,899,519,5157
-,279,206,5158
+,899,279,5159
+,519,206,5160
-,310,380,5161
-,232,211,5162
+,310,232,5163
+,380,211,5164
-,188,713,5165
-,622,872,5166
+,188,622,5167
+,713,872,5168
-,592,224,5169
-,3,257,5170
+,592,3,5171
+,224,257,5172
-,125,270,5173
-,565,198,5174
+,125,565,5175
+,270,198,5176
-,77,491,5177
-,501,209,5178
+,77,501,5179
+,491,209,5180
-,253,902,5181
-,49,67,5182
+,253,49,5183
+,902,67,5184
-,776,464,5185
-,230,924,5186
+,776,230,5187
+,464,924,5188
-,265,826,5189
-,900,301,5190
+,265,900,5191
+,826,301,5192
-,547,241,5193
-,509,306,5194
+,547,509,5195
+,241,306,5196
-,50,505,5197
-,329,304,5198
+,50,329,5199
+,505,304,5200
-,47,162,5201
-,538,218,5202
+,47,538,5203
+,162,218,5204
-,327,818,5205
-,854,788,5206
+,327,854,5207
+,818,788,5208
-,381,950,5209
-,241,306,5210
+,381,241,5211
+,950,306,5212
-,363,645,5213
-,380,211,5214
+,363,380,5215
+,645,211,5216
-,602,808,5217
-,410,944,5218
+,602,410,5219
+,808,944,5220
-,427,800,5221
-,694,757,5222
+,427,694,5223
+,800,757,5224
-,548,799,5225
-,814,463,5226
+,548,814,5227
+,799,463,5228
-,615,255,5229
-,190,966,5230
+,615,190,5231
+,255,966,5232
-,428,811,5233
-,214,233,5234
+,428,214,5235
+,811,233,5236
-,109,527,5237
-,735,102,5238
+,109,735,5239
+,527,102,5240
-,506,982,5241
-,981,277,5242
+,506,981,5243
+,982,277,5244
-,216,56,5245
-,978,466,5246
+,216,978,5247
+,56,466,5248
-,499,134,5249
-,662,362,5250
+,499,662,5251
+,134,362,5252
-,289,695,5253
-,486,874,5254
+,289,486,5255
+,695,874,5256
-,500,734,5257
-,83,479,5258
+,500,83,5259
+,734,479,5260
-,461,283,5261
-,18,44,5262
+,461,18,5263
+,283,44,5264
-,280,636,5265
-,188,622,5266
+,280,188,5267
+,636,622,5268
-,134,362,5269
-,652,173,5270
+,134,652,5271
+,362,173,5272
-,436,259,5273
-,551,614,5274
+,436,551,5275
+,259,614,5276
-,668,792,5277
-,808,944,5278
+,668,808,5279
+,792,944,5280
-,599,886,5281
-,298,431,5282
+,599,298,5283
+,886,431,5284
-,650,658,5285
-,642,834,5286
+,650,642,5287
+,658,834,5288
-,270,198,5289
-,48,979,5290
+,270,48,5291
+,198,979,5292
-,554,184,5293
-,78,704,5294
+,554,78,5295
+,184,704,5296
-,33,683,5297
-,270,48,5298
+,33,270,5299
+,683,48,5300
-,315,452,5301
-,600,376,5302
+,315,600,5303
+,452,376,5304
-,461,18,5305
-,733,938,5306
+,461,733,5307
+,18,938,5308
-,809,717,5309
-,242,754,5310
+,809,242,5311
+,717,754,5312
-,275,795,5313
-,175,580,5314
+,275,175,5315
+,795,580,5316
-,594,366,5317
-,765,879,5318
+,594,765,5319
+,366,879,5320
-,460,777,5321
-,346,552,5322
+,460,346,5323
+,777,552,5324
-,639,779,5325
-,198,979,5326
+,639,198,5327
+,779,979,5328
-,895,985,5329
-,832,172,5330
+,895,832,5331
+,985,172,5332
-,0,121,5333
-,464,924,5334
+,0,464,5335
+,121,924,5336
-,974,790,5337
-,997,36,5338
+,974,997,5339
+,790,36,5340
-,181,630,5341
-,906,813,5342
+,181,906,5343
+,630,813,5344
-,98,714,5345
-,341,412,5346
+,98,341,5347
+,714,412,5348
-,334,848,5349
-,0,464,5350
+,334,0,5351
+,848,464,5352
-,178,59,5353
-,597,510,5354
+,178,597,5355
+,59,510,5356
-,20,200,5357
-,945,392,5358
+,20,945,5359
+,200,392,5360
-,421,167,5361
-,381,241,5362
+,421,381,5363
+,167,241,5364
-,478,13,5365
-,985,374,5366
+,478,985,5367
+,13,374,5368
-,632,517,5369
-,114,742,5370
+,632,114,5371
+,517,742,5372
-,787,613,5373
-,936,682,5374
+,787,936,5375
+,613,682,5376
-,983,954,5377
-,252,919,5378
+,983,252,5379
+,954,919,5380
-,685,191,5381
-,163,805,5382
+,685,163,5383
+,191,805,5384
-,715,977,5385
-,204,638,5386
+,715,204,5387
+,977,638,5388
-,568,339,5389
-,928,422,5390
+,568,928,5391
+,339,422,5392
-,737,383,5393
-,34,116,5394
+,737,34,5395
+,383,116,5396
-,416,937,5397
-,478,985,5398
+,416,478,5399
+,937,985,5400
-,658,834,5401
-,660,589,5402
+,658,660,5403
+,834,589,5404
-,41,82,5405
-,648,791,5406
+,41,648,5407
+,82,791,5408
-,716,398,5409
-,377,37,5410
+,716,377,5411
+,398,37,5412
-,409,771,5413
-,654,847,5414
+,409,654,5415
+,771,847,5416
-,550,467,5417
-,547,509,5418
+,550,547,5419
+,467,509,5420
-,435,856,5421
-,344,542,5422
+,435,344,5423
+,856,542,5424
-,260,541,5425
-,781,743,5426
+,260,781,5427
+,541,743,5428
-,578,971,5429
-,907,677,5430
+,578,907,5431
+,971,677,5432
-,342,745,5433
-,632,114,5434
+,342,632,5435
+,745,114,5436
-,568,928,5437
-,338,388,5438
+,568,338,5439
+,928,388,5440
-,108,71,5441
-,738,42,5442
+,108,738,5443
+,71,42,5444
-,56,466,5445
-,988,783,5446
+,56,988,5447
+,466,783,5448
-,914,892,5449
-,137,367,5450
+,914,137,5451
+,892,367,5452
-,782,496,5453
-,253,49,5454
+,782,253,5455
+,496,49,5456
-,260,781,5457
-,283,44,5458
+,260,283,5459
+,781,44,5460
-,200,392,5461
-,875,69,5462
+,200,875,5463
+,392,69,5464
-,973,403,5465
-,217,922,5466
+,973,217,5467
+,403,922,5468
-,914,137,5469
-,562,96,5470
+,914,562,5471
+,137,96,5472
-,809,242,5473
-,823,495,5474
+,809,823,5475
+,242,495,5476
-,505,304,5477
-,610,475,5478
+,505,610,5479
+,304,475,5480
-,760,448,5481
-,799,463,5482
+,760,799,5483
+,448,463,5484
-,496,49,5485
-,315,600,5486
+,496,315,5487
+,49,600,5488
-,213,58,5489
-,585,205,5490
+,213,585,5491
+,58,205,5492
-,365,484,5493
-,755,343,5494
+,365,755,5495
+,484,343,5496
-,696,605,5497
-,55,904,5498
+,696,55,5499
+,605,904,5500
